0         0
0.04         0
0.08         2
0.12         1
0.16         1
0.2         1
0.24         1
0.28         1
0.32         2
0.36         0
0.4         0
0.44         2
0.48         1
0.52         1
0.56         1
0.6         2
0.64         1
0.68         2
0.72         1
0.76         1
0.8         1
0.84         3
0.88         1
0.92         3
0.96         0
1         1
1.04         2
1.08         0
1.12         1
1.16         1
1.2         2
1.24         3
1.28         1
1.32         2
1.36         1
1.4         0
1.44         1
1.48         1
1.52         1
1.56         0
1.6         1
1.64         1
1.68         0
1.72         1
1.76         1
1.8         3
1.84         1
1.88         2
1.92         1
1.96         2
2         0
2.04         0
2.08         1
2.12         0
2.16         3
2.2         0
2.24         1
2.28         0
2.32         2
2.36         2
2.4         2
2.44         1
2.48         3
2.52         2
2.56         1
2.6         1
2.64         1
2.68         0
2.72         0
2.76         1
2.8         2
2.84         2
2.88         2
2.92         2
2.96         0
3         1
3.04         0
3.08         3
3.12         1
3.16         1
3.2         0
3.24         0
3.28         0
3.32         3
3.36         2
3.4         0
3.44         3
3.48         0
3.52         2
3.56         0
3.6         2
3.64         1
3.68         3
3.72         1
3.76         0
3.8         1
3.84         1
3.88         1
3.92         0
3.96         1
4         2
4.04         2
4.08         1
4.12         0
4.16         2
4.2         1
4.24         0
4.28         2
4.32         1
4.36         2
4.4         0
4.44         1
4.48         2
4.52         2
4.56         0
4.6         2
4.64         1
4.68         2
4.72         1
4.76         2
4.8         4
4.84         0
4.88         0
4.92         2
4.96         0
5         2
5.04         4
5.08         1
5.12         0
5.16         2
5.2         1
5.24         2
5.28         2
5.32         1
5.36         1
5.4         1
5.44         0
5.48         2
5.52         0
5.56         1
5.6         1
5.64         1
5.68         0
5.72         1
5.76         1
5.8         3
5.84         1
5.88         2
5.92         0
5.96         1
6         4
6.04         1
6.08         1
6.12         2
6.16         1
6.2         0
6.24         0
6.28         0
6.32         2
6.36         2
6.4         1
6.44         0
6.48         3
6.52         1
6.56         1
6.6         2
6.64         1
6.68         2
6.72         3
6.76         0
6.8         1
6.84         1
6.88         2
6.92         2
6.96         0
7         1
7.04         1
7.08         1
7.12         2
7.16         1
7.2         2
7.24         2
7.28         1
7.32         0
7.36         0
7.4         1
7.44         1
7.48         1
7.52         0
7.56         3
7.6         1
7.64         1
7.68         0
7.72         1
7.76         2
7.8         2
7.84         0
7.88         2
7.92         1
7.96         2
8         2
8.04         0
8.08         0
8.12         3
8.16         0
8.2         0
8.24         3
8.28         0
8.32         1
8.36         2
8.4         0
8.44         0
8.48         1
8.52         0
8.56         0
8.6         0
8.64         2
8.68         1
8.72         1
8.76         1
8.8         2
8.84         0
8.88         2
8.92         3
8.96         1
9         1
9.04         0
9.08         0
9.12         3
9.16         1
9.2         1
9.24         0
9.28         1
9.32         2
9.36         2
9.4         1
9.44         0
9.48         1
9.52         3
9.56         0
9.6         1
9.64         1
9.68         0
9.72         2
9.76         2
9.8         0
9.84         2
9.88         1
9.92         1
9.96         1
10         0
10.04         0
10.08         0
10.12         2
10.16         0
10.2         0
10.24         2
10.28         0
10.32         1
10.36         0
10.4         0
10.44         0
10.48         0
10.52         0
10.56         2
10.6         0
10.64         0
10.68         1
10.72         1
10.76         0
10.8         1
10.84         3
10.88         2
10.92         2
10.96         1
11         0
11.04         2
11.08         1
11.12         2
11.16         1
11.2         1
11.24         0
11.28         1
11.32         0
11.36         1
11.4         1
11.44         0
11.48         1
11.52         3
11.56         3
11.6         0
11.64         2
11.68         2
11.72         2
11.76         1
11.8         0
11.84         2
11.88         1
11.92         2
11.96         0
12         0
12.04         1
12.08         0
12.12         2
12.16         2
12.2         0
12.24         4
12.28         1
12.32         1
12.36         1
12.4         0
12.44         0
12.48         4
12.52         1
12.56         3
12.6         0
12.64         1
12.68         1
12.72         2
12.76         2
12.8         0
12.84         1
12.88         1
12.92         1
12.96         1
13         1
13.04         1
13.08         3
13.12         2
13.16         1
13.2         1
13.24         1
13.28         0
13.32         1
13.36         1
13.4         1
13.44         1
13.48         1
13.52         1
13.56         3
13.6         2
13.64         0
13.68         3
13.72         2
13.76         1
13.8         1
13.84         1
13.88         2
13.92         1
13.96         1
14         1
14.04         2
14.08         0
14.12         1
14.16         0
14.2         0
14.24         1
14.28         1
14.32         2
14.36         0
14.4         1
14.44         1
14.48         2
14.52         0
14.56         0
14.6         1
14.64         0
14.68         1
14.72         1
14.76         2
14.8         1
14.84         0
14.88         1
14.92         2
14.96         0
15         0
15.04         2
15.08         1
15.12         1
15.16         1
15.2         1
15.24         3
15.28         1
15.32         2
15.36         0
15.4         2
15.44         1
15.48         0
15.52         0
15.56         1
15.6         2
15.64         0
15.68         2
15.72         1
15.76         1
15.8         0
15.84         1
15.88         0
15.92         2
15.96         1
16         6
16.04         2
16.08         0
16.12         2
16.16         4
16.2         1
16.24         1
16.28         2
16.32         1
16.36         1
16.4         2
16.44         1
16.48         1
16.52         0
16.56         1
16.6         2
16.64         1
16.68         1
16.72         2
16.76         3
16.8         0
16.84         0
16.88         3
16.92         3
16.96         0
17         1
17.04         2
17.08         2
17.12         3
17.16         1
17.2         0
17.24         1
17.28         1
17.32         0
17.36         1
17.4         2
17.44         0
17.48         1
17.52         1
17.56         0
17.6         2
17.64         1
17.68         2
17.72         0
17.76         1
17.8         2
17.84         3
17.88         0
17.92         3
17.96         0
18         2
18.04         3
18.08         2
18.12         1
18.16         3
18.2         0
18.24         1
18.28         2
18.32         0
18.36         3
18.4         2
18.44         0
18.48         2
18.52         2
18.56         1
18.6         0
18.64         3
18.68         0
18.72         1
18.76         1
18.8         0
18.84         3
18.88         3
18.92         1
18.96         3
19         1
19.04         2
19.08         4
19.12         2
19.16         1
19.2         1
19.24         2
19.28         4
19.32         0
19.36         2
19.4         3
19.44         0
19.48         0
19.52         2
19.56         1
19.6         2
19.64         0
19.68         2
19.72         2
19.76         2
19.8         4
19.84         3
19.88         2
19.92         3
19.96         2
20         1
20.04         1
20.08         2
20.12         1
20.16         1
20.2         3
20.24         0
20.28         3
20.32         1
20.36         1
20.4         3
20.44         0
20.48         3
20.52         0
20.56         1
20.6         4
20.64         0
20.68         1
20.72         1
20.76         1
20.8         1
20.84         2
20.88         0
20.92         3
20.96         1
21         0
21.04         3
21.08         0
21.12         1
21.16         2
21.2         2
21.24         2
21.28         1
21.32         0
21.36         0
21.4         2
21.44         4
21.48         1
21.52         1
21.56         1
21.6         1
21.64         2
21.68         1
21.72         0
21.76         1
21.8         2
21.84         0
21.88         1
21.92         3
21.96         1
22         1
22.04         0
22.08         1
22.12         1
22.16         0
22.2         2
22.24         2
22.28         1
22.32         3
22.36         0
22.4         1
22.44         1
22.48         2
22.52         2
22.56         2
22.6         1
22.64         0
22.68         3
22.72         2
22.76         0
22.8         2
22.84         0
22.88         2
22.92         0
22.96         1
23         1
23.04         1
23.08         2
23.12         1
23.16         1
23.2         1
23.24         2
23.28         1
23.32         3
23.36         0
23.4         3
23.44         2
23.48         1
23.52         2
23.56         2
23.6         0
23.64         4
23.68         2
23.72         0
23.76         2
23.8         1
23.84         1
23.88         1
23.92         1
23.96         2
24         2
24.04         0
24.08         0
24.12         1
24.16         2
24.2         1
24.24         2
24.28         2
24.32         1
24.36         1
24.4         2
24.44         1
24.48         2
24.52         1
24.56         0
24.6         1
24.64         2
24.68         1
24.72         1
24.76         3
24.8         0
24.84         3
24.88         0
24.92         4
24.96         3
25         1
25.04         2
25.08         3
25.12         1
25.16         2
25.2         1
25.24         3
25.28         0
25.32         0
25.36         2
25.4         3
25.44         1
25.48         2
25.52         2
25.56         0
25.6         0
25.64         2
25.68         2
25.72         2
25.76         0
25.8         1
25.84         0
25.88         2
25.92         0
25.96         3
26         1
26.04         1
26.08         1
26.12         0
26.16         1
26.2         0
26.24         1
26.28         0
26.32         2
26.36         0
26.4         0
26.44         3
26.48         1
26.52         2
26.56         0
26.6         2
26.64         1
26.68         1
26.72         0
26.76         1
26.8         0
26.84         1
26.88         1
26.92         2
26.96         0
27         0
27.04         1
27.08         1
27.12         2
27.16         0
27.2         3
27.24         1
27.28         0
27.32         2
27.36         1
27.4         1
27.44         1
27.48         3
27.52         1
27.56         2
27.6         3
27.64         2
27.68         1
27.72         2
27.76         1
27.8         1
27.84         3
27.88         3
27.92         1
27.96         3
28         0
28.04         2
28.08         0
28.12         0
28.16         1
28.2         1
28.24         2
28.28         0
28.32         2
28.36         1
28.4         0
28.44         2
28.48         0
28.52         3
28.56         3
28.6         0
28.64         1
28.68         2
28.72         0
28.76         0
28.8         1
28.84         1
28.88         1
28.92         2
28.96         0
29         1
29.04         2
29.08         2
29.12         1
29.16         0
29.2         0
29.24         2
29.28         0
29.32         1
29.36         1
29.4         1
29.44         0
29.48         0
29.52         0
29.56         2
29.6         0
29.64         0
29.68         2
29.72         1
29.76         1
29.8         0
29.84         3
29.88         4
29.92         0
29.96         2
30         1
30.04         1
30.08         2
30.12         1
30.16         2
30.2         1
30.24         1
30.28         2
30.32         0
30.36         0
30.4         1
30.44         2
30.48         1
30.52         1
30.56         0
30.6         0
30.64         3
30.68         2
30.72         1
30.76         2
30.8         2
30.84         2
30.88         1
30.92         2
30.96         3
31         2
31.04         3
31.08         1
31.12         0
31.16         1
31.2         0
31.24         0
31.28         3
31.32         2
31.36         0
31.4         5
31.44         0
31.48         3
31.52         2
31.56         0
31.6         2
31.64         3
31.68         3
31.72         0
31.76         3
31.8         1
31.84         1
31.88         0
31.92         2
31.96         1
32         1
32.04         1
32.08         1
32.12         1
32.16         2
32.2         2
32.24         0
32.28         2
32.32         1
32.36         2
32.4         1
32.44         0
32.48         4
32.52         0
32.56         1
32.6         2
32.64         1
32.68         0
32.72         2
32.76         1
32.8         1
32.84         0
32.88         0
32.92         2
32.96         1
33         2
33.04         3
33.08         2
33.12         1
33.16         0
33.2         0
33.24         0
33.28         1
33.32         3
33.36         1
33.4         0
33.44         1
33.48         3
33.52         0
33.56         0
33.6         0
33.64         2
33.68         1
33.72         1
33.76         0
33.8         2
33.84         0
33.88         2
33.92         2
33.96         2
34         1
34.04         1
34.08         2
34.12         1
34.16         2
34.2         1
34.24         1
34.28         2
34.32         0
34.36         2
34.4         2
34.44         0
34.48         1
34.52         2
34.56         3
34.6         1
34.64         3
34.68         1
34.72         0
34.76         0
34.8         1
34.84         1
34.88         0
34.92         1
34.96         2
35         4
35.04         2
35.08         1
35.12         2
35.16         0
35.2         0
35.24         1
35.28         1
35.32         0
35.36         2
35.4         0
35.44         2
35.48         0
35.52         2
35.56         2
35.6         1
35.64         1
35.68         4
35.72         0
35.76         4
35.8         0
35.84         1
35.88         0
35.92         2
35.96         1
36         1
36.04         2
36.08         2
36.12         1
36.16         1
36.2         0
36.24         1
36.28         0
36.32         1
36.36         1
36.4         1
36.44         0
36.48         2
36.52         1
36.56         1
36.6         2
36.64         2
36.68         2
36.72         1
36.76         1
36.8         1
36.84         2
36.88         2
36.92         1
36.96         1
37         0
37.04         3
37.08         1
37.12         1
37.16         1
37.2         0
37.24         2
37.28         1
37.32         0
37.36         1
37.4         2
37.44         2
37.48         1
37.52         3
37.56         2
37.6         0
37.64         3
37.68         1
37.72         1
37.76         0
37.8         3
37.84         2
37.88         2
37.92         2
37.96         0
38         2
38.04         0
38.08         2
38.12         2
38.16         2
38.2         2
38.24         4
38.28         1
38.32         0
38.36         2
38.4         2
38.44         2
38.48         2
38.52         2
38.56         2
38.6         1
38.64         1
38.68         0
38.72         1
38.76         1
38.8         0
38.84         1
38.88         0
38.92         0
38.96         0
39         0
39.04         1
39.08         1
39.12         0
39.16         1
39.2         2
39.24         3
39.28         2
39.32         2
39.36         1
39.4         0
39.44         0
39.48         0
39.52         1
39.56         3
39.6         1
39.64         0
39.68         2
39.72         0
39.76         0
39.8         0
39.84         1
39.88         1
39.92         0
39.96         1
40         2
40.04         0
40.08         0
40.12         1
40.16         4
40.2         0
40.24         2
40.28         1
40.32         0
40.36         2
40.4         2
40.44         2
40.48         1
40.52         2
40.56         2
40.6         0
40.64         2
40.68         4
40.72         0
40.76         1
40.8         1
40.84         1
40.88         1
40.92         4
40.96         2
41         1
41.04         2
41.08         1
41.12         1
41.16         3
41.2         1
41.24         0
41.28         0
41.32         0
41.36         1
41.4         0
41.44         2
41.48         0
41.52         0
41.56         1
41.6         1
41.64         3
41.68         0
41.72         0
41.76         0
41.8         0
41.84         0
41.88         2
41.92         0
41.96         2
42         0
42.04         0
42.08         1
42.12         1
42.16         2
42.2         1
42.24         2
42.28         2
42.32         2
42.36         0
42.4         1
42.44         2
42.48         1
42.52         2
42.56         3
42.6         3
42.64         1
42.68         0
42.72         1
42.76         3
42.8         1
42.84         0
42.88         1
42.92         0
42.96         0
43         1
43.04         2
43.08         1
43.12         0
43.16         3
43.2         1
43.24         2
43.28         2
43.32         2
43.36         1
43.4         1
43.44         1
43.48         2
43.52         1
43.56         1
43.6         2
43.64         0
43.68         1
43.72         1
43.76         1
43.8         1
43.84         1
43.88         1
43.92         0
43.96         1
44         2
44.04         1
44.08         0
44.12         0
44.16         0
44.2         1
44.24         1
44.28         2
44.32         0
44.36         3
44.4         1
44.44         2
44.48         1
44.52         1
44.56         0
44.6         1
44.64         0
44.68         2
44.72         3
44.76         0
44.8         2
44.84         2
44.88         3
44.92         2
44.96         3
45         0
45.04         0
45.08         0
45.12         0
45.16         3
45.2         0
45.24         1
45.28         2
45.32         2
45.36         1
45.4         2
45.44         2
45.48         2
45.52         2
45.56         3
45.6         2
45.64         0
45.68         0
45.72         2
45.76         2
45.8         1
45.84         2
45.88         1
45.92         1
45.96         1
46         1
46.04         0
46.08         3
46.12         1
46.16         1
46.2         2
46.24         0
46.28         1
46.32         2
46.36         1
46.4         3
46.44         1
46.48         0
46.52         1
46.56         0
46.6         1
46.64         0
46.68         2
46.72         2
46.76         2
46.8         0
46.84         0
46.88         2
46.92         1
46.96         3
47         0
47.04         0
47.08         2
47.12         3
47.16         4
47.2         1
47.24         0
47.28         1
47.32         0
47.36         0
47.4         2
47.44         1
47.48         0
47.52         2
47.56         1
47.6         1
47.64         2
47.68         0
47.72         0
47.76         0
47.8         0
47.84         1
47.88         1
47.92         0
47.96         2
48         2
48.04         0
48.08         2
48.12         1
48.16         0
48.2         1
48.24         0
48.28         0
48.32         1
48.36         5
48.4         0
48.44         1
48.48         0
48.52         1
48.56         2
48.6         3
48.64         2
48.68         1
48.72         1
48.76         3
48.8         1
48.84         1
48.88         1
48.92         2
48.96         0
49         1
49.04         5
49.08         0
49.12         1
49.16         2
49.2         0
49.24         1
49.28         1
49.32         1
49.36         0
49.4         1
49.44         0
49.48         3
49.52         1
49.56         1
49.6         2
49.64         2
49.68         1
49.72         1
49.76         1
49.8         1
49.84         0
49.88         2
49.92         0
49.96         0
50         2
50.04         5
50.08         1
50.12         2
50.16         1
50.2         2
50.24         0
50.28         1
50.32         0
50.36         1
50.4         0
50.44         3
50.48         1
50.52         1
50.56         1
50.6         0
50.64         4
50.68         1
50.72         1
50.76         2
50.8         2
50.84         1
50.88         1
50.92         0
50.96         1
51         1
51.04         0
51.08         0
51.12         1
51.16         1
51.2         1
51.24         1
51.28         0
51.32         2
51.36         1
51.4         1
51.44         1
51.48         1
51.52         1
51.56         0
51.6         0
51.64         4
51.68         1
51.72         1
51.76         1
51.8         3
51.84         0
51.88         1
51.92         0
51.96         2
52         0
52.04         2
52.08         4
52.12         0
52.16         0
52.2         2
52.24         1
52.28         2
52.32         0
52.36         2
52.4         2
52.44         2
52.48         1
52.52         2
52.56         1
52.6         3
52.64         0
52.68         2
52.72         1
52.76         1
52.8         1
52.84         0
52.88         2
52.92         3
52.96         1
53         1
53.04         0
53.08         1
53.12         1
53.16         1
53.2         1
53.24         2
53.28         2
53.32         1
53.36         1
53.4         1
53.44         0
53.48         2
53.52         1
53.56         3
53.6         0
53.64         1
53.68         3
53.72         0
53.76         2
53.8         1
53.84         0
53.88         2
53.92         2
53.96         1
54         0
54.04         2
54.08         1
54.12         2
54.16         1
54.2         0
54.24         4
54.28         1
54.32         2
54.36         1
54.4         2
54.44         2
54.48         1
54.52         1
54.56         0
54.6         0
54.64         2
54.68         2
54.72         0
54.76         2
54.8         1
54.84         1
54.88         0
54.92         1
54.96         2
55         0
55.04         3
55.08         0
55.12         1
55.16         2
55.2         0
55.24         2
55.28         2
55.32         2
55.36         3
55.4         2
55.44         0
55.48         2
55.52         0
55.56         4
55.6         0
55.64         1
55.68         2
55.72         1
55.76         1
55.8         0
55.84         1
55.88         1
55.92         1
55.96         0
56         1
56.04         1
56.08         1
56.12         2
56.16         3
56.2         0
56.24         0
56.28         2
56.32         3
56.36         1
56.4         2
56.44         1
56.48         0
56.52         1
56.56         3
56.6         3
56.64         2
56.68         4
56.72         0
56.76         1
56.8         2
56.84         0
56.88         4
56.92         1
56.96         1
57         1
57.04         2
57.08         3
57.12         0
57.16         1
57.2         0
57.24         1
57.28         0
57.32         2
57.36         1
57.4         1
57.44         2
57.48         0
57.52         0
57.56         1
57.6         3
57.64         1
57.68         0
57.72         1
57.76         1
57.8         1
57.84         1
57.88         0
57.92         0
57.96         1
58         1
58.04         0
58.08         1
58.12         1
58.16         2
58.2         0
58.24         1
58.28         1
58.32         2
58.36         1
58.4         0
58.44         1
58.48         0
58.52         2
58.56         3
58.6         1
58.64         0
58.68         1
58.72         1
58.76         1
58.8         0
58.84         2
58.88         1
58.92         2
58.96         1
59         1
59.04         2
59.08         1
59.12         0
59.16         0
59.2         1
59.24         1
59.28         2
59.32         1
59.36         4
59.4         2
59.44         1
59.48         1
59.52         0
59.56         1
59.6         2
59.64         1
59.68         2
59.72         0
59.76         2
59.8         1
59.84         0
59.88         3
59.92         0
59.96         1
60         1
60.04         0
60.08         1
60.12         2
60.16         0
60.2         1
60.24         0
60.28         2
60.32         1
60.36         1
60.4         1
60.44         0
60.48         4
60.52         2
60.56         2
60.6         2
60.64         1
60.68         1
60.72         3
60.76         1
60.8         1
60.84         1
60.88         0
60.92         1
60.96         0
61         1
61.04         0
61.08         1
61.12         1
61.16         0
61.2         1
61.24         0
61.28         0
61.32         1
61.36         2
61.4         0
61.44         2
61.48         0
61.52         2
61.56         1
61.6         1
61.64         0
61.68         1
61.72         1
61.76         1
61.8         0
61.84         2
61.88         1
61.92         1
61.96         1
62         2
62.04         0
62.08         1
62.12         2
62.16         1
62.2         1
62.24         0
62.28         1
62.32         2
62.36         0
62.4         0
62.44         0
62.48         1
62.52         1
62.56         0
62.6         0
62.64         1
62.68         0
62.72         1
62.76         2
62.8         0
62.84         0
62.88         0
62.92         1
62.96         1
63         3
63.04         0
63.08         1
63.12         2
63.16         0
63.2         3
63.24         1
63.28         1
63.32         1
63.36         4
63.4         0
63.44         2
63.48         1
63.52         1
63.56         2
63.6         0
63.64         1
63.68         2
63.72         3
63.76         0
63.8         0
63.84         1
63.88         2
63.92         2
63.96         1
64         0
64.04         1
64.08         0
64.12         0
64.16         1
64.2         1
64.24         0
64.28         1
64.32         0
64.36         0
64.4         2
64.44         2
64.48         0
64.52         2
64.56         1
64.6         3
64.64         0
64.68         0
64.72         1
64.76         1
64.8         3
64.84         1
64.88         2
64.92         2
64.96         1
65         1
65.04         1
65.08         1
65.12         1
65.16         1
65.2         2
65.24         1
65.28         1
65.32         1
65.36         1
65.4         1
65.44         3
65.48         1
65.52         2
65.56         3
65.6         1
65.64         3
65.68         1
65.72         2
65.76         1
65.8         1
65.84         2
65.88         1
65.92         4
65.96         1
66         1
66.04         1
66.08         0
66.12         5
66.16         3
66.2         1
66.24         4
66.28         0
66.32         4
66.36         1
66.4         0
66.44         1
66.48         0
66.52         2
66.56         3
66.6         1
66.64         2
66.68         1
66.72         2
66.76         1
66.8         1
66.84         0
66.88         3
66.92         0
66.96         1
67         0
67.04         0
67.08         1
67.12         2
67.16         2
67.2         2
67.24         0
67.28         2
67.32         0
67.36         3
67.4         0
67.44         0
67.48         3
67.52         1
67.56         3
67.6         1
67.64         3
67.68         1
67.72         3
67.76         1
67.8         1
67.84         0
67.88         1
67.92         0
67.96         0
68         1
68.04         0
68.08         0
68.12         0
68.16         2
68.2         0
68.24         1
68.28         1
68.32         1
68.36         0
68.4         0
68.44         1
68.48         0
68.52         0
68.56         0
68.6         1
68.64         1
68.68         3
68.72         1
68.76         2
68.8         1
68.84         2
68.88         3
68.92         1
68.96         1
69         1
69.04         2
69.08         1
69.12         3
69.16         2
69.2         2
69.24         0
69.28         3
69.32         2
69.36         1
69.4         0
69.44         0
69.48         1
69.52         0
69.56         2
69.6         1
69.64         1
69.68         1
69.72         2
69.76         3
69.8         1
69.84         2
69.88         1
69.92         2
69.96         0
70         2
70.04         0
70.08         0
70.12         0
70.16         2
70.2         3
70.24         1
70.28         1
70.32         0
70.36         2
70.4         3
70.44         4
70.48         2
70.52         1
70.56         0
70.6         1
70.64         3
70.68         0
70.72         0
70.76         3
70.8         0
70.84         1
70.88         0
70.92         1
70.96         1
71         1
71.04         3
71.08         1
71.12         1
71.16         3
71.2         0
71.24         1
71.28         2
71.32         2
71.36         2
71.4         2
71.44         0
71.48         2
71.52         1
71.56         1
71.6         1
71.64         1
71.68         2
71.72         1
71.76         1
71.8         0
71.84         1
71.88         1
71.92         2
71.96         0
72         2
72.04         3
72.08         1
72.12         1
72.16         1
72.2         2
72.24         1
72.28         2
72.32         0
72.36         0
72.4         0
72.44         0
72.48         0
72.52         1
72.56         1
72.6         1
72.64         1
72.68         2
72.72         2
72.76         2
72.8         5
72.84         0
72.88         0
72.92         1
72.96         0
73         2
73.04         1
73.08         0
73.12         1
73.16         2
73.2         1
73.24         0
73.28         3
73.32         0
73.36         2
73.4         2
73.44         3
73.48         3
73.52         0
73.56         2
73.6         3
73.64         1
73.68         3
73.72         1
73.76         5
73.8         1
73.84         3
73.88         2
73.92         3
73.96         1
74         1
74.04         1
74.08         1
74.12         1
74.16         0
74.2         1
74.24         1
74.28         1
74.32         2
74.36         1
74.4         2
74.44         1
74.48         1
74.52         0
74.56         1
74.6         1
74.64         0
74.68         0
74.72         2
74.76         0
74.8         1
74.84         0
74.88         2
74.92         1
74.96         1
75         2
75.04         3
75.08         2
75.12         1
75.16         1
75.2         1
75.24         2
75.28         2
75.32         0
75.36         2
75.4         0
75.44         0
75.48         0
75.52         1
75.56         2
75.6         0
75.64         1
75.68         0
75.72         0
75.76         1
75.8         2
75.84         4
75.88         1
75.92         1
75.96         0
76         3
76.04         0
76.08         1
76.12         0
76.16         1
76.2         2
76.24         0
76.28         0
76.32         3
76.36         1
76.4         1
76.44         0
76.48         2
76.52         0
76.56         0
76.6         1
76.64         1
76.68         1
76.72         0
76.76         0
76.8         0
76.84         0
76.88         2
76.92         2
76.96         2
77         1
77.04         1
77.08         2
77.12         0
77.16         3
77.2         1
77.24         0
77.28         0
77.32         0
77.36         3
77.4         0
77.44         1
77.48         1
77.52         2
77.56         0
77.6         0
77.64         1
77.68         1
77.72         0
77.76         0
77.8         0
77.84         2
77.88         1
77.92         1
77.96         1
78         1
78.04         0
78.08         1
78.12         2
78.16         1
78.2         0
78.24         2
78.28         4
78.32         1
78.36         0
78.4         1
78.44         1
78.48         2
78.52         1
78.56         2
78.6         2
78.64         1
78.68         0
78.72         1
78.76         0
78.8         1
78.84         2
78.88         0
78.92         2
78.96         0
79         0
79.04         1
79.08         2
79.12         1
79.16         0
79.2         2
79.24         0
79.28         1
79.32         1
79.36         3
79.4         0
79.44         1
79.48         1
79.52         1
79.56         0
79.6         1
79.64         0
79.68         0
79.72         2
79.76         0
79.8         0
79.84         0
79.88         1
79.92         1
79.96         2
