8   47.0448   43.5423
15   49.2729   46.8153
79   40.1963   35.1185
83   35.3649    51.621
95   46.9161   36.7354
111   37.3466   47.8108
124    47.476   36.7219
158   46.3282   33.1108
190   50.4938   51.4813
202   37.6339    42.879
206   45.8307   50.6968
234   33.6799   46.6594
237   47.7872   35.7368
283   47.6377   36.5902
348   36.2331   35.1596
351   45.0846   47.3427
378   38.7276   40.3373
383    37.917   40.1479
402    36.394   44.8144
411   44.3665   44.7588
420   36.5945   39.0606
469   45.8323   42.6463
490   44.8379   41.0321
491   47.3311   38.7618
531   40.2568    47.617
542   43.4322   50.5534
548   53.0264   38.6646
560   34.1528   35.5977
585   34.8727   33.2771
673   41.8128   39.6661
817   40.6117    40.858
818   42.5134   42.3383
831   34.5944   37.9013
839   50.8071   40.3852
850   48.2127    45.702
854   47.3821   46.0187
903   52.7577   45.6595
924   48.4899   42.1058
1012   40.2785   41.5067
1051   53.2694   40.3756
1073   40.5647   42.1165
1081   44.2363   42.1233
1086    44.571     42.32
1115   46.8954   43.8073
1189   47.8163   52.7297
1211   36.7457     33.82
1227   44.7287   41.2682
1244     43.22   51.5589
1253    43.486    48.836
1385   46.5891     46.08
1426   36.4834   41.4225
1498    36.075   45.3993
1596   46.0912   34.2382
1610   48.1007   50.2213
1616   35.8011   40.7283
1626   48.1966   34.5033
1646    38.401   45.4774
1651   39.0992   45.9371
1709   45.9288   33.1517
1914   51.0906   36.6475
1967   33.8076   34.0002
1971   50.0008   41.3115
1972   33.8178   32.9613
2002   42.5042    41.025
2094   33.5172   34.9642
2094   38.0721   42.7621
2105   50.0302   37.3664
2126   44.0367   39.8082
2237   39.5056    36.366
2253   44.1921   40.8528
2284   33.8733   35.6684
2374   33.5597   50.8405
2464    34.691   39.4304
2468   36.0542   39.6979
2556   46.0358   40.6641
2632   45.1563    34.357
2695   35.7463   41.2898
2859   44.2526   33.6494
3002   37.1621   42.0563
3007    45.215   47.5573
3059   51.1952   38.1726
3124   44.2207   43.2694
3127   43.7161   43.4395
3255    51.996   34.4563
3297   36.6798   37.5479
3325    44.352   43.8285
3338   39.0087   39.0006
3382   35.2249   52.2936
3408   35.4887   51.0003
3413   41.4089   36.7852
3452   47.2851    44.285
3468   51.9782   48.9982
3592   33.6697   33.1229
3691   48.5654   44.9122
3726    47.503   33.2443
3764    38.836   44.1345
3908   41.1896   51.6967
4202   45.6659   47.1764
4309   42.6728     41.85
4366   43.7698   40.2458
4405    35.063   40.0813
4447   50.0023   47.8897
5076   49.6053   35.8198
5161   33.7088   42.3347
5262   52.0304    35.241
5330   46.2353   45.9152
5769   37.1371   41.0997
5770   39.0965   41.5806
5882    53.143   36.8227
5990   35.8908   34.2058
6235   47.7758   38.9466
6359   41.1731   44.0706
7132   43.9358   39.6636
7260   46.6385   49.8148
8046   48.9361   49.8381
8066   49.6404   46.6338
8093   44.8759   45.2345
8258   40.6811   50.1302
8505   43.7122   47.6073
8659   37.2528   47.7347
8661   37.0893   48.1215
9369   37.1893   37.2306
9375    37.446   45.3571
9594   41.5178   41.5023
9687   51.7341   38.1277
9884   47.4344   43.4992
9912   48.8567   49.3539
