160350   47.4588   46.4738
160576   40.7565   33.8484
160366   37.9914   52.7398
161559   38.1922   43.0827
163488   44.7961   49.4746
162472   48.5034   40.4423
166123   44.0171   42.0807
168637   45.7305   51.5502
166374   44.9925   42.4679
165900   42.4873   42.8896
166495   46.7496   39.8641
174173   50.3881   47.7889
172647   43.1102   35.5425
174309   35.1105   49.8233
173914    49.539   38.5093
174573   37.7936   40.6242
179448   35.7855    38.515
177996   45.8219   44.0463
179228    51.059    50.221
177475   49.2812   43.5833
179097   34.8718   35.2763
178767   37.0879   35.9349
181472   39.3001   38.0673
183070   38.0889   36.8843
184766   41.8024   40.9684
182027   47.3777   43.3568
184607   45.2213    39.682
184214   40.4204   39.7942
184699   51.4381   45.9155
182797   47.4562   40.4401
183750   41.4608   52.1027
184123   43.5716   43.0389
188676   43.0793   37.0617
186312    40.397   41.1916
186085   44.1981   40.9881
186994    35.427   42.9325
189395   44.8635   42.0472
186597   39.4818    40.483
187507   43.8241   44.3072
193242   42.9054    43.613
