11.3352        -nan
11.3947        -nan
11.4543        -nan
11.5139        -nan
11.5735        -nan
11.6331        -nan
11.6926        -nan
11.7522        -nan
11.8118        -nan
11.8714        -nan
11.9309        -nan
11.9905        -nan
12.0501        -nan
12.1097        -nan
12.1693        -nan
12.2288        -nan
12.2884        -nan
12.348        -nan
12.4076        -nan
12.4671        -nan
12.5267        -nan
12.5863        -nan
12.6459        -nan
12.7055        -nan
12.765        -nan
12.8246        -nan
12.8842        -nan
12.9438        -nan
13.0033        -nan
13.0629        -nan
13.1225        -nan
13.1821          32
13.2417     34.2857
13.3012          76
13.3608        73.6
13.4204     71.5789
13.48          80
13.5395     88.1569
13.5991     90.9474
13.6587     96.5714
13.7183     101.058
13.7779     108.604
13.8374     108.524
13.897     115.686
13.9566     121.989
14.0162     128.136
14.0757     140.594
14.1353     151.029
14.1949     162.022
14.2545     173.863
14.3141     183.737
14.3736     199.808
14.4332       212.2
14.4928     225.607
14.5524     238.669
14.6119     256.948
14.6715     274.311
14.7311     287.377
14.7907     297.561
14.8502     305.747
14.9098     313.431
14.9694     318.258
15.029      319.23
15.0886     319.361
15.1481     321.774
15.2077     326.239
15.2673     335.198
15.3269     336.746
15.3864     341.629
15.446     342.841
15.5056     343.285
15.5652     344.957
15.6248     353.205
15.6843     356.025
15.7439     360.435
15.8035      364.43
15.8631     370.259
15.9226     370.809
15.9822     372.588
16.0418     373.485
16.1014     372.125
16.161     369.843
16.2205     365.546
16.2801     363.132
16.3397     355.723
16.3993      351.99
16.4588     351.821
16.5184      348.38
16.578     343.387
16.6376     342.498
16.6972     347.091
16.7567     351.527
16.8163     349.528
16.8759     348.378
16.9355     344.335
16.995     345.964
17.0546     351.886
17.1142     353.327
17.1738     355.299
17.2334     351.465
17.2929     337.879
17.3525     320.406
17.4121     302.238
17.4717     283.872
17.5312     261.806
17.5908     239.907
17.6504     217.556
17.71     197.652
17.7696     183.098
17.8291     170.822
17.8887     159.815
17.9483     146.829
18.0079     140.151
18.0674     131.215
18.127     122.251
18.1866     111.447
18.2462     110.185
18.3058     105.371
18.3653     106.049
18.4249      87.552
18.4845     89.5135
18.5441       79.68
18.6036          84
18.6632          56
18.7228     35.7647
18.7824        -nan
18.842        -nan
18.9015        -nan
18.9611        -nan
19.0207        -nan
19.0803        -nan
19.1398        -nan
19.1994        -nan
19.259        -nan
19.3186        -nan
19.3781        -nan
19.4377        -nan
19.4973        -nan
19.5569        -nan
19.6165        -nan
19.676        -nan
19.7356        -nan
19.7952        -nan
19.8548        -nan
19.9143        -nan
19.9739        -nan
20.0335        -nan
20.0931        -nan
20.1527        -nan
20.2122        -nan
20.2718        -nan
20.3314        -nan
20.391        -nan
20.4505        -nan
20.5101        -nan
20.5697        -nan
20.6293        -nan
20.6889        -nan
20.7484        -nan
