              0              0
              1              0
              2              0
              3              0
              4              0
              5              0
              6              0
              7              0
              8              0
              9              0
             10              0
             11              0
             12              0
             13              0
             14              0
             15              0
             16              0
             17              0
             18              0
             19              0
             20              0
             21              0
             22              0
             23              0
             24              0
             25              0
             26              0
             27              0
             28              0
             29              0
             30              0
             31              0
             32              0
             33             13
             34             17
             35             26
             36             49
             37             88
             38            173
             39            217
             40            331
             41            512
             42            729
             43            999
             44           1312
             45           1742
             46           2165
             47           2925
             48           3529
             49           4342
             50           5120
             51           5921
             52           7070
             53           7932
             54           8825
             55           9531
             56           9708
             57          10019
             58          10140
             59           9502
             60           8943
             61           8295
             62           7202
             63           6433
             64           5628
             65           4929
             66           4092
             67           3461
             68           2846
             69           2356
             70           2018
             71           1771
             72           1465
             73           1275
             74           1124
             75            971
             76            911
             77            774
             78            788
             79            761
             80            670
             81            697
             82            658
             83            674
             84            762
             85            867
             86            922
             87           1087
             88           1202
             89           1560
             90           1936
             91           2171
             92           2650
             93           3177
             94           3814
             95           4394
             96           5328
             97           6249
             98           7188
             99           8017
            100           8918
            101           9346
            102           9862
            103           9817
            104           9806
            105           9463
            106           8770
            107           8168
            108           7130
            109           6358
            110           5491
            111           4855
            112           3911
            113           3153
            114           2526
            115           1953
            116           1486
            117           1067
            118            741
            119            489
            120            328
            121            168
            122            103
            123             43
            124             15
            125              8
            126              2
            127              0
            128              0
            129              0
            130              0
            131              0
            132              0
            133              0
            134              0
            135              0
            136              0
            137              0
            138              0
            139              0
            140              0
            141              0
            142              0
            143              0
            144              0
            145              0
            146              0
            147              0
            148              0
            149              0
            150              0
            151              0
            152              0
            153              0
            154              0
            155              0
            156              0
            157              0
            158              0
            159              0
