517168      2833
381460      2836
410140      2836
441980      2836
381480      2872
401280      2872
423800      2872
456520      2872
481668      2872
483068      2872
503948      2872
396960      2935
484988      2935
415100      2986
433020      2986
457800      3031
485468      3031
429160      3085
447100      3085
455180      3085
478260      3085
509488      3085
380620      3130
418080      3130
491128      3130
492108      3154
374720      3172
496008      3199
385760      3223
509928      3223
373260      3250
399080      3250
454040      3250
469360      3253
376160      3265
447820      3268
502308      3415
407740      3463
508408      3478
456720      3514
487568      3535
514308      3535
518428      3538
467120      3559
459260      3565
486548      3574
479540      3601
482648      3601
447320      3610
465200      3610
518648      3634
440040      3667
476960      3682
491948      3682
392120      3775
425280      3775
414380      3787
477980      3823
481868      3823
402960      3889
453580      3889
476360      3889
513248      3889
381220      3946
425020      3946
382360      3976
382760      3976
403600      3976
462400      4006
478240      4006
373180      4048
409900      4048
417920      4048
420180      4048
443780      4093
512508      4093
384060      4099
385700      4099
410120      4099
453100      4099
372980      4117
407300      4117
412560      4117
379300      4126
435440      4138
454720      4138
471860      4138
374640      4162
403040      4162
426140      4162
472220      4162
406440      4225
497248      4225
373080      4264
408980      4399
434000      4399
519808      4399
385260      4411
495568      4459
425060      4465
399100      4477
402800      4477
413100      4498
395760      4504
428700      4504
416700      4510
501288      4510
445580      4555
447740      4555
474980      4555
513068      4558
377800      4597
403020      4621
475240      4621
485448      4621
385940      4642
477480      4642
396080      4753
435540      4753
440420      4753
501528      4753
416440      4759
442220      4759
507608      4759
371960      4777
445380      4777
478220      4792
493048      4792
507428      4828
513848      4828
414300      4834
400120      4837
379640      4840
441960      4840
487028      4840
380000      4864
437460      4864
447740      4864
467200      4864
483828      4864
513248      4864
391760      4894
483288      4903
513448      4903
462460      4945
465020      4945
474380      4945
389440      4948
430320      4948
493988      4948
376220      4954
434200      4954
464140      4954
491008      4954
510388      4954
435820      4975
519228      4975
410400      5050
384420      5083
414900      5083
417000      5083
440800      5083
445500      5083
472260      5083
477500      5083
419260      5089
488068      5089
508288      5089
412200      5158
432140      5158
478260      5158
400140      5272
419660      5272
434720      5272
505928      5272
387400      5275
412460      5278
464080      5278
375380      5281
378160      5281
408200      5281
403500      5413
513588      5413
463680      5419
493288      5419
510668      5419
384860      5440
384020      5446
386840      5446
402280      5446
413280      5446
474260      5446
459580      5530
407660      5590
408980      5590
505688      5590
380500      5617
459620      5617
479640      5617
506128      5617
377960      5638
492188      5638
459060      5701
504648      5701
506928      5701
519108      5701
470180      5707
494528      5707
514188      5707
490968      5743
512828      5743
389680      5785
431560      5785
447440      5785
483688      5785
414140      5788
427720      5788
463940      5821
387180      5830
391100      5893
423700      5893
448740      5893
465480      5893
391640      5950
406440      5950
421320      5956
457940      5956
506908      5956
512168      5956
494968      6025
516928      6025
382440      6034
398800      6034
424700      6034
463840      6034
476960      6034
492208      6034
512008      6034
391840      6049
438840      6049
396300      6055
408100      6055
448780      6064
422520      6112
371180      6115
412940      6115
491988      6115
503088      6115
494508      6145
404360      6151
422720      6151
429920      6151
421300      6154
491368      6154
393300      6211
477640      6211
398360      6238
423460      6238
476440      6238
407580      6241
484148      6241
468900      6244
439100      6292
500408      6292
505848      6292
507048      6292
508648      6292
484208      6328
411260      6379
470380      6397
429440      6433
519768      6445
384860      6457
426780      6457
381420      6514
499128      6673
502188      6673
457700      6697
505948      6697
427500      6703
465220      6703
485448      6703
429820      6724
466180      6724
371300      6751
402060      6775
434840      6775
440060      6775
512768      6775
409940      6790
496988      6802
508308      6802
449600      6856
461520      6856
468760      6856
435480      6880
450300      6880
458520      6880
479280      6880
505668      6880
396060      6931
465380      6931
396480      7036
387460      7042
406080      7042
415140      7042
420060      7042
390660      7045
444200      7045
451800      7045
502008      7045
382000      7117
464260      7117
508748      7183
518108      7183
488108      7222
504408      7249
388920      7273
430480      7273
481888      7273
489708      7273
374540      7318
460280      7318
474840      7318
487628      7327
424260      7330
371180      7333
387060      7333
457160      7333
518148      7333
372120      7381
377060      7381
474520      7381
381120      7399
394340      7399
420320      7399
423540      7399
435740      7399
414820      7405
477640      7405
497808      7405
414220      7411
430920      7411
465080      7411
492128      7414
375940      7441
382360      7465
390540      7465
403780      7465
412400      7465
434140      7465
463580      7465
373560      7510
399740      7510
417660      7510
447260      7510
459060      7510
377060      7543
400780      7543
429020      7543
435400      7543
445320      7543
449900      7543
451740      7543
459080      7543
488348      7543
496328      7543
505948      7543
391500      7549
399860      7549
427020      7549
440360      7549
461860      7549
492068      7549
500848      7618
428300      7633
512968      7633
398060      7660
519628      7660
491528      7711
507588      7711
386240      7819
400280      7819
405520      7819
375760      7828
437200      7828
484448      7828
492188      7828
497428      7828
518828      7828
378340      7849
379860      7849
497768      7849
418720      7975
400480      8002
465520      8002
412840      8011
433740      8011
370660      8014
473500      8014
403420      8041
450920      8041
470420      8041
502668      8056
377060      8086
387300      8086
408680      8086
408220      8095
409640      8137
468600      8137
494968      8137
502128      8137
401860      8140
409240      8140
494068      8170
497808      8170
517708      8170
389800      8224
473000      8224
493768      8275
497228      8287
378880      8290
399900      8290
486368      8290
502648      8290
512248      8290
493388      8338
494708      8338
435900      8347
456960      8347
492948      8353
514528      8353
429700      8359
410120      8392
429160      8392
496948      8392
504288      8392
434100      8395
458760      8419
462520      8419
419460      8443
380240      8488
386660      8488
391680      8488
400400      8488
444640      8488
462140      8488
487128      8488
375440      8512
519868      8512
374280      8515
380800      8515
437860      8515
457140      8515
480648      8515
489808      8515
502188      8515
434520      8536
494608      8536
486748      8548
404940      8575
408800      8575
453340      8581
460720      8581
374380      8620
394680      8620
406820      8620
415580      8620
463140      8620
518228      8620
457500      8623
469100      8623
504088      8623
508908      8650
517008      8650
453700      8722
489648      8722
479660      8725
490808      8725
492628      8725
511688      8725
519848      8725
445100      8749
445780      8791
504888      8791
426680      8830
405860      8836
447900      8836
473740      8836
477660      8836
439520      8848
377660      8863
389480      8863
393360      8863
412600      8863
462400      8863
501148      8863
390560      8902
454120      8902
494148      8902
495568      8902
430560      8911
433480      8911
453720      8911
504188      8911
371320      8941
422280      8959
478060      8959
406240      8965
478360      9037
371140      9064
387160      9064
495668      9064
499488      9064
373740      9100
429540      9130
435880      9130
436740      9130
516128      9130
476560      9205
440480      9220
484608      9220
497248      9220
388180      9250
398240      9250
472380      9271
489268      9271
422660      9304
446900      9304
440280      9328
456660      9334
422200      9370
413200      9382
389680      9412
418620      9412
410400      9427
378540      9436
423480      9436
464380      9436
514588      9436
377200      9442
414800      9514
400800      9541
468080      9565
490708      9571
494188      9571
393600      9682
439740      9682
476680      9682
426100      9685
423420      9688
436900      9688
469720      9691
388020      9715
393740      9715
476020      9715
494868      9715
418240      9739
414660      9754
416720      9754
485068      9754
373560      9757
426780      9790
376700      9859
413340      9859
414340      9859
472920      9859
407820      9865
415720      9865
416240      9865
372320      9880
423340      9880
431980      9880
443340      9880
415380      9928
416580      9988
441860      9988
480868     10024
515008     10024
433620     10039
384680     10042
446000     10051
427920     10090
430120     10090
455640     10090
461200     10090
493828     10090
495988     10090
422300     10126
485788     10126
382460     10147
393020     10147
409140     10147
450680     10147
470760     10147
416560     10165
423780     10267
392040     10294
432840     10294
465880     10309
499048     10309
376440     10351
412020     10351
463580     10351
478140     10351
505048     10351
441880     10366
371460     10381
393140     10381
404720     10381
473740     10381
445660     10411
472240     10411
484628     10411
443120     10498
475860     10498
518668     10498
502608     10507
408780     10522
410180     10573
484148     10573
497268     10573
507848     10573
381680     10597
436160     10597
505708     10597
397640     10615
463720     10615
490908     10615
411900     10627
415160     10627
466960     10627
492608     10627
389580     10633
416380     10633
464180     10660
420820     10687
425200     10687
485488     10687
507768     10687
473680     10705
482188     10705
511668     10705
512988     10705
516508     10705
386820     10708
483408     10708
478860     10714
487548     10714
487248     10723
504028     10723
512648     10723
424840     10759
434440     10759
454700     10759
466940     10759
505048     10759
379080     10765
447380     10765
487468     10765
477100     10795
484028     10795
507028     10795
426640     10804
407880     10837
436300     10837
494928     10837
496208     10837
421120     10864
395680     10888
512588     10903
387040     10912
415940     10912
403360     11026
413160     11044
445560     11044
500128     11044
454960     11053
467680     11053
472640     11053
393660     11089
485228     11089
403860     11098
509068     11098
495628     11140
451780     11146
505748     11146
414860     11161
416220     11161
417020     11161
500768     11161
481908     11173
497308     11173
516708     11173
517368     11173
497208     11176
480668     11209
488388     11209
484048     11233
486248     11254
394980     11257
460320     11257
464940     11257
499928     11257
421920     11281
379440     11311
407920     11320
431940     11323
432940     11344
493368     11344
502268     11344
440860     11371
462400     11371
506268     11371
519828     11371
481648     11440
489308     11440
482628     11443
499248     11443
371060     11458
439020     11458
480968     11458
441680     11470
444940     11470
481808     11470
450100     11491
494148     11491
500408     11491
511888     11491
386640     11560
445760     11560
459140     11560
485628     11563
501728     11563
493948     11635
375740     11644
379000     11644
449040     11644
464020     11644
516528     11683
404380     11752
469060     11752
470880     11752
484728     11752
389280     11785
399560     11818
444020     11818
383020     11821
476520     11836
482628     11851
505048     11851
464840     11860
488908     11860
515648     11860
508088     11914
515908     11914
516388     11914
480000     11938
513668     11938
463000     11962
489548     11962
382500     11980
385020     11980
483168     12001
374980     12004
430180     12004
506408     12004
427820     12040
486848     12043
406440     12055
431940     12055
462400     12055
402780     12079
413980     12079
449940     12079
371140     12100
379220     12100
435060     12100
464940     12100
436220     12109
479860     12109
498668     12109
372140     12121
462500     12121
460780     12142
497228     12142
498808     12142
458580     12145
460380     12157
405000     12169
408860     12169
401360     12181
402200     12181
412540     12181
472640     12181
418920     12211
383760     12241
386700     12244
424700     12244
432180     12244
446720     12244
462800     12244
504528     12259
513768     12259
393220     12292
372480     12307
496348     12358
459640     12409
485188     12409
503548     12409
370820     12436
377060     12436
385280     12436
412600     12436
504268     12436
384780     12460
393240     12460
403960     12460
420460     12460
380280     12493
426400     12493
430560     12496
494248     12496
510888     12496
515768     12496
393500     12505
504028     12505
418740     12535
444360     12535
472720     12535
428360     12544
447100     12562
482948     12592
376140     12610
477720     12610
411180     12643
422340     12643
495748     12643
376280     12730
395660     12730
424940     12730
438820     12730
473200     12739
513008     12739
404360     12754
379180     12790
476680     12790
396300     12796
402720     12796
441500     12796
445260     12796
470320     12796
472500     12796
411820     13000
379420     13006
388260     13006
478160     13006
494408     13006
436320     13030
448280     13063
459320     13063
491568     13063
449020     13150
375260     13180
405540     13228
446640     13228
496708     13315
379180     13321
451340     13321
459640     13321
395260     13330
387820     13417
408660     13417
442300     13555
489368     13603
494728     13603
372380     13624
465000     13624
467220     13624
447720     13639
460240     13639
481228     13690
491248     13690
382640     13699
389640     13699
461180     13699
498348     13699
499408     13699
371680     13702
427960     13702
454060     13702
386980     13738
391660     13738
441160     13738
459560     13738
496788     13738
399860     13747
450640     13771
473680     13771
494168     13786
375340     13840
439220     13840
463860     13840
498488     13840
516488     13840
382360     13843
456580     13843
402580     13861
419100     13861
447040     13861
475520     13861
489228     13861
519748     13861
441360     13894
468460     13894
489368     13894
500908     13894
430560     13942
466180     13942
472100     13942
507748     13942
383380     13972
391000     13972
390720     13993
416780     13993
454200     13993
388660     13999
413500     13999
496508     13999
509188     14005
396920     14017
415720     14017
469940     14059
461000     14125
492848     14125
470740     14170
419840     14236
451560     14236
504208     14236
505468     14236
517928     14236
393780     14251
446900     14281
448140     14281
475020     14281
486968     14281
507028     14281
428100     14332
433920     14347
446160     14347
426840     14419
499748     14419
419160     14443
397220     14479
390540     14491
392960     14491
420060     14491
425460     14491
444180     14491
482928     14491
414980     14632
496308     14632
432120     14635
460260     14635
387980     14671
435440     14671
510028     14671
494928     14725
431680     14740
487928     14740
519548     14740
468280     14752
451020     14791
487708     14791
505728     14791
476060     14806
489348     14833
494088     14833
400640     14836
430040     14836
454380     14836
464000     14836
473840     14836
504848     14836
468840     14869
509268     14869
518068     14869
507028     14887
492628     14923
463080     14992
487008     14992
420980     15010
376520     15031
481408     15031
431940     15052
510848     15064
473740     15079
429020     15088
406700     15091
415640     15091
418100     15100
469000     15100
441520     15106
471640     15127
478940     15127
379380     15136
425080     15136
482408     15136
403840     15172
405540     15172
406560     15172
417440     15172
438760     15193
399380     15202
496608     15223
376100     15346
372580     15373
431200     15373
434060     15373
450600     15373
461880     15373
414300     15403
435920     15403
457660     15403
486768     15403
495048     15403
375720     15427
402180     15427
405000     15427
477200     15427
399580     15466
447680     15466
486208     15490
501528     15490
505548     15490
506948     15490
519288     15490
484648     15520
435280     15547
456540     15574
462980     15574
502768     15574
511328     15574
385640     15577
476720     15577
373480     15580
374140     15586
388580     15586
430560     15586
469860     15586
411700     15613
438020     15613
508708     15619
483088     15631
487428     15631
488548     15631
393380     15667
401020     15667
434720     15667
404500     15673
470140     15673
477320     15709
373840     15730
381800     15730
416500     15730
500868     15730
395820     15748
482388     15748
509908     15748
376260     15769
384000     15769
409340     15769
431680     15811
437880     15811
500448     15811
409180     15829
435660     15829
472940     15829
388840     15838
413200     15838
448420     15838
404020     15892
435820     15892
454320     15892
486108     15892
494148     15892
496688     15892
502688     15892
406960     15925
435340     15925
462120     15925
488348     15925
517848     15925
404060     15958
500608     15958
470900     16045
506088     16045
374680     16069
474020     16069
483028     16069
501808     16069
389420     16111
493448     16114
432620     16144
371180     16165
374480     16192
409820     16192
482508     16192
376120     16279
445180     16279
469400     16279
389780     16291
496708     16306
513648     16306
392660     16315
379880     16330
406480     16330
483528     16378
484708     16378
376560     16402
382040     16402
446760     16402
491148     16402
374540     16408
400100     16408
511308     16408
436500     16450
465620     16450
502028     16450
471200     16507
487528     16507
510908     16507
517928     16507
399480     16546
442900     16561
491288     16618
504828     16618
370720     16651
380160     16651
381000     16651
389520     16651
421820     16651
483648     16651
371480     16750
458260     16750
392040     16777
399400     16777
420140     16807
472100     16807
512148     16810
452800     16822
402420     16858
454160     16858
468660     16858
433820     16864
446440     16864
456820     16864
466260     16864
483688     16864
499588     16864
484648     16879
374140     16897
387620     16897
411320     16897
430680     16897
439540     16897
485128     16897
516548     16897
386940     16930
475700     16930
391560     16948
434320     16948
380440     16987
382680     16987
442640     16987
453820     16987
500228     16987
398560     17065
444680     17065
472900     17065
475120     17065
493628     17065
518568     17065
462180     17098
465360     17098
473760     17098
514068     17098
388240     17107
397040     17107
390640     17167
514868     17176
450560     17209
384540     17212
448700     17212
378840     17236
493948     17236
496388     17242
398760     17305
492988     17305
460060     17323
461260     17323
381840     17395
459860     17413
402840     17422
423400     17476
473780     17512
425020     17578
428220     17578
430360     17578
424480     17590
371860     17599
458720     17599
464400     17599
495688     17599
500508     17599
504528     17599
511248     17599
384620     17638
393600     17638
431060     17638
374400     17656
426540     17656
482888     17656
489268     17656
513368     17656
404040     17659
408440     17659
422380     17659
491688     17659
371320     17677
430780     17677
455720     17677
460200     17677
491828     17677
384400     17710
411020     17710
451940     17710
471540     17710
478720     17710
502428     17710
492848     17737
493948     17737
418200     17779
487508     17779
519688     17779
372880     17782
372020     17851
495068     17857
403320     17893
507228     17893
391180     17899
394680     17899
483708     17899
491048     17899
498028     17899
451640     17947
462800     17947
518148     17983
385300     18007
406120     18007
438060     18007
450060     18007
486488     18058
515928     18058
397360     18091
410620     18091
467880     18091
414680     18163
440880     18163
476060     18163
399300     18211
463160     18211
516488     18211
482608     18316
496928     18316
519068     18316
465120     18403
409240     18457
421340     18457
499248     18457
374440     18463
389200     18463
434260     18463
446880     18463
463300     18463
487708     18463
400980     18475
488868     18493
513448     18493
386260     18517
418100     18517
381680     18535
401800     18535
404920     18574
420680     18574
449340     18574
469320     18574
511968     18574
388960     18658
425800     18658
382480     18664
399680     18664
421500     18664
477600     18667
499148     18700
487648     18727
405720     18739
376680     18823
386760     18823
372800     18832
382320     18832
449780     18832
468280     18889
508328     18889
400940     18958
454140     18958
396360     18970
453660     18970
377220     19048
424140     19054
479640     19054
423540     19057
431460     19057
483048     19057
505048     19057
445440     19066
418580     19084
502508     19084
401980     19117
435000     19117
470480     19117
477340     19117
493788     19117
440940     19123
483008     19123
397240     19126
439260     19126
442840     19126
446340     19126
451800     19126
378640     19129
423040     19129
474220     19174
433600     19189
470240     19189
427320     19195
443840     19195
467400     19195
506988     19225
452120     19240
481028     19249
510748     19249
515628     19249
451260     19267
461640     19267
465100     19267
388780     19312
383940     19363
405520     19363
476820     19363
393940     19372
468420     19372
494168     19393
499728     19393
482248     19456
488788     19456
498228     19456
519828     19456
420420     19468
437980     19468
461200     19468
376420     19471
382800     19471
468800     19486
504988     19486
507028     19486
461100     19510
373980     19513
382680     19513
392940     19519
416560     19519
489948     19519
471020     19525
501568     19525
519088     19549
439920     19624
384160     19633
468000     19657
487288     19657
399500     19702
407060     19702
427980     19702
446940     19702
519368     19702
371460     19765
416060     19765
417920     19774
423900     19804
451620     19804
455980     19804
378980     19849
475180     19849
495288     19849
513368     19849
412560     19897
433060     19897
406260     19900
485028     19906
490408     19906
507888     20008
378660     20029
435880     20029
380680     20080
439340     20080
472720     20080
374860     20110
395080     20110
483208     20110
441240     20242
484488     20242
390400     20251
441580     20251
487668     20251
467680     20302
473260     20302
480528     20302
490008     20302
510548     20302
422360     20419
454100     20434
485508     20434
507228     20434
413920     20473
478940     20473
486988     20473
405680     20521
429720     20521
425240     20551
499308     20551
386840     20584
450680     20584
398700     20602
505308     20620
393540     20644
433340     20644
469600     20644
483748     20653
384060     20656
387460     20656
408680     20656
419860     20656
383520     20677
457920     20677
486948     20677
465040     20710
518068     20731
426380     20743
481728     20743
499388     20743
430200     20749
440300     20749
485208     20749
495308     20749
476420     20776
497048     20776
507188     20776
406460     20842
425560     20842
447360     20842
403480     20875
419780     20875
422560     20875
454360     20875
471860     20875
493228     20875
492968     20938
438440     20956
482908     20956
413020     20986
454600     20986
425560     20995
407800     21049
486068     21049
501228     21049
505148     21049
445920     21133
375300     21163
372160     21211
373460     21211
456540     21211
518168     21211
407620     21217
492148     21223
448580     21226
469160     21226
396640     21388
465960     21388
458660     21409
472000     21409
502908     21409
404960     21424
382180     21484
436620     21499
483748     21499
474980     21532
387940     21538
486128     21538
428240     21562
453620     21562
456940     21562
477740     21562
481848     21562
382560     21586
425180     21586
373100     21592
388280     21592
433680     21592
442800     21592
474900     21592
423400     21694
383680     21718
388320     21718
487108     21718
422700     21721
460940     21721
379660     21808
424800     21808
487408     21808
382500     21826
469160     21826
511928     21826
378920     21847
381580     21859
400120     21940
443840     21940
427060     21955
430740     21955
462500     21955
470360     21955
410700     21967
481968     22012
436220     22075
465940     22075
513648     22075
377200     22093
387520     22093
484548     22093
519228     22093
445600     22099
467060     22099
428300     22126
434200     22126
480888     22126
474140     22147
482488     22174
505108     22186
449540     22195
392320     22204
427900     22204
487068     22204
494448     22204
469620     22276
402200     22342
420940     22342
443920     22342
514228     22342
386940     22447
447540     22447
450520     22447
458380     22447
460220     22447
384640     22525
474680     22525
393600     22552
464680     22594
485128     22594
380960     22597
492008     22597
387120     22609
404800     22609
474540     22609
480668     22609
371860     22615
381300     22615
462660     22621
508448     22621
515728     22621
428740     22645
472900     22645
509988     22720
400980     22735
463300     22735
466920     22735
376680     22738
424460     22738
511628     22738
500168     22768
373520     22831
393040     22831
406180     22831
413260     22831
472480     22831
515948     22831
404380     22834
422280     22834
513308     22834
402540     22843
418120     22918
503628     22918
509508     22918
386920     22951
422580     22951
390240     22966
494888     22972
376080     23059
455460     23059
465720     23059
490948     23059
496228     23065
397800     23074
400940     23074
425240     23128
486288     23140
393980     23152
426040     23152
443580     23152
382320     23179
478280     23206
514068     23206
459440     23215
465120     23221
380380     23263
425940     23263
450040     23362
482508     23362
488208     23362
492108     23362
515928     23365
372000     23407
402220     23407
468260     23407
485648     23410
489248     23410
491628     23410
377600     23455
506348     23455
508068     23674
512188     23674
486228     23677
494688     23677
405600     23683
415580     23683
417800     23683
499168     23692
505548     23692
432740     23701
495288     23701
387760     23749
518488     23749
395480     23797
433860     23824
468720     23860
477400     23860
372960     23878
493568     23878
515828     23878
484688     23890
462320     23905
462960     23905
467000     23905
473080     23905
473960     23905
497908     23905
376040     23917
388880     23926
510588     23929
417860     23941
501008     23941
408380     23965
370740     23974
389540     23974
429220     23974
434200     23974
449100     23974
451440     23974
453680     23974
457560     23974
474320     23974
435800     23992
431260     24100
471420     24100
415440     24115
496768     24115
374000     24205
393080     24205
474820     24205
506248     24205
377920     24223
416980     24223
425180     24223
459480     24223
479760     24235
514068     24235
510848     24358
486568     24367
415220     24376
445960     24382
493868     24457
510268     24457
433120     24460
432180     24466
402560     24532
379780     24538
425080     24538
433620     24538
440920     24538
482748     24538
490568     24538
380500     24541
412040     24541
426860     24541
505188     24541
513828     24541
519648     24541
432200     24565
469820     24565
384040     24589
442760     24589
472780     24589
493048     24592
493568     24592
507688     24592
394280     24661
441100     24661
388180     24670
392620     24685
397840     24685
473780     24685
489228     24685
375480     24709
438080     24709
484048     24709
499868     24709
419680     24712
492168     24712
510948     24712
517008     24712
