516648      2833
381900      2836
440660      2836
512608      2857
381840      2872
407040      2872
435240      2872
476320      2872
482928      2872
502468      2872
504888      2872
382760      2935
453860      2935
486168      2935
419700      2986
436420      2986
477080      3031
446720      3085
450360      3085
473980      3085
496688      3085
379440      3130
412100      3130
427300      3130
405140      3172
498048      3199
512448      3199
413220      3223
494788      3223
398420      3250
450500      3250
467720      3253
435800      3265
370940      3277
377500      3373
518968      3415
376020      3463
469820      3463
389420      3514
490508      3535
416740      3538
513828      3538
519568      3538
459820      3559
474380      3559
507008      3565
484228      3574
489388      3574
474820      3601
460460      3610
465480      3610
519448      3667
429660      3682
517148      3721
395840      3757
414900      3775
450020      3775
472420      3787
478340      3823
425860      3889
483328      3889
414840      3946
380540      3976
382520      3976
383700      3976
427300      3976
477360      4006
515188      4006
406660      4048
410840      4048
419720      4048
446820      4048
393840      4093
469920      4093
483108      4093
385380      4099
372460      4117
379900      4117
408180      4117
378340      4126
392500      4126
454100      4138
471700      4138
384240      4162
412200      4162
442060      4162
394940      4225
423440      4225
512868      4225
431840      4264
455720      4288
374500      4399
413980      4399
448320      4399
495628      4399
517148      4411
478540      4414
393020      4465
401840      4477
481948      4477
500348      4477
411760      4498
429040      4504
500888      4510
446360      4555
473340      4555
479300      4555
381520      4597
501548      4597
372260      4621
447180      4621
385340      4642
442020      4642
509368      4642
423640      4753
438240      4753
458540      4753
499888      4753
506988      4753
423540      4759
466680      4759
517808      4759
423980      4777
464840      4792
476080      4792
488728      4792
512628      4828
390760      4837
485528      4837
378120      4840
436380      4840
482868      4840
432360      4864
443320      4864
457120      4864
475440      4864
491908      4864
453240      4894
501088      4903
435640      4945
463040      4945
469640      4945
417280      4948
475060      4948
491948      4948
431200      4954
434820      4954
489688      4954
401900      4966
430840      4975
471780      4975
475180      4984
385220      5050
453460      5050
397600      5083
416680      5083
417820      5083
441180      5083
466780      5083
472820      5083
490608      5083
481088      5089
496588      5089
387160      5272
414440      5272
434060      5272
516508      5275
462640      5278
464400      5278
377400      5281
406300      5281
439200      5281
383840      5314
381620      5419
476020      5419
496808      5419
383360      5446
385860      5446
401940      5446
402740      5446
414920      5446
389280      5458
447700      5530
454000      5530
407840      5590
473560      5590
506148      5590
372560      5617
405960      5617
471760      5617
434840      5638
454980      5701
483948      5701
505128      5701
509448      5701
519968      5701
469960      5707
515268      5707
433720      5743
505588      5743
384120      5785
427000      5785
432340      5785
464840      5785
424300      5788
475500      5788
508948      5821
395380      5830
420920      5893
425580      5893
464860      5893
502228      5893
400880      5950
494128      5950
405940      5956
443620      5956
505468      5956
512008      5956
516068      6025
379500      6034
396780      6034
417120      6034
463240      6034
464680      6034
491488      6034
500288      6034
399600      6049
383420      6055
407680      6055
442120      6055
370980      6064
458980      6112
412440      6115
491268      6115
495268      6115
507488      6115
445120      6145
494348      6145
391360      6151
422340      6151
429420      6151
434680      6151
420680      6154
481648      6154
494468      6154
473360      6211
484748      6211
501588      6211
403220      6238
475560      6238
499468      6238
481388      6241
485428      6244
439700      6292
496588      6292
500648      6292
506128      6292
507708      6292
453900      6328
487668      6328
398260      6370
464100      6397
503308      6397
380360      6409
462340      6433
515088      6433
493288      6445
389140      6457
494308      6673
501728      6673
514388      6673
385200      6697
425500      6703
427660      6703
466240      6703
390360      6724
453900      6724
467660      6724
392380      6766
431680      6775
439260      6775
471640      6775
498108      6802
460480      6856
462580      6856
445260      6880
450980      6880
479720      6880
495688      6880
423980      6931
397680      7036
405340      7042
408640      7042
416600      7042
518788      7042
389740      7045
436660      7045
444500      7045
484848      7045
444060      7090
508288      7105
385340      7117
462480      7117
468840      7117
511328      7183
388700      7273
429080      7273
472540      7273
485288      7273
419960      7318
469120      7318
416100      7327
462120      7327
371140      7330
384500      7333
401200      7333
515188      7333
376020      7381
382500      7381
381480      7399
402580      7399
422080      7399
425340      7399
494908      7399
416280      7405
482468      7405
373300      7411
424620      7411
450420      7411
517868      7414
387820      7465
399800      7465
411640      7465
413080      7465
436080      7465
472880      7465
374020      7510
402120      7510
436880      7510
456680      7510
464760      7510
493008      7510
376780      7543
397460      7543
428220      7543
432040      7543
435640      7543
446900      7543
451200      7543
454320      7543
486128      7543
490288      7543
504748      7543
512408      7543
386680      7549
397460      7549
402840      7549
427780      7549
458340      7549
486488      7549
493748      7618
499228      7633
447860      7660
488948      7711
496808      7711
379820      7819
393980      7819
402780      7819
421320      7828
437820      7828
486888      7828
496508      7828
498448      7828
379160      7849
422860      7849
414180      7975
440520      7975
497188      7975
388100      8002
448560      8002
408680      8011
419840      8011
375960      8014
472020      8014
429960      8035
423540      8041
457380      8041
486688      8041
503108      8056
386800      8086
405400      8086
429120      8086
386160      8095
469140      8137
494808      8137
498648      8137
507188      8137
402180      8140
421700      8140
497348      8170
516048      8170
374700      8224
426220      8224
474560      8224
463240      8269
510828      8287
391520      8290
472700      8290
493368      8290
510668      8290
516068      8290
493968      8338
445800      8347
490348      8353
509788      8353
429040      8359
419940      8392
447600      8392
503728      8392
504508      8392
404720      8395
463480      8395
507448      8395
457200      8407
459940      8419
516348      8419
378700      8443
381060      8488
387460      8488
399500      8488
406280      8488
446220      8488
493188      8488
373040      8512
467560      8512
375400      8515
407760      8515
445080      8515
474440      8515
481448      8515
499048      8515
481988      8536
496608      8536
413860      8548
496768      8548
400080      8575
407860      8575
432820      8575
454760      8581
481508      8581
372000      8620
381900      8620
406640      8620
413540      8620
417820      8620
400700      8623
461240      8623
485688      8623
512928      8650
517168      8650
519588      8686
374060      8704
492408      8704
483288      8722
494148      8722
486648      8725
491088      8725
501208      8725
511888      8725
446140      8749
468340      8791
506568      8791
470700      8821
431140      8830
377560      8836
408800      8836
448760      8836
474500      8836
519008      8836
387920      8848
456260      8848
378080      8863
390180      8863
401940      8863
460440      8863
465300      8863
446900      8902
493088      8902
494448      8902
430940      8911
441420      8911
503908      8911
371740      8941
400960      8959
433340      8959
493268      8965
477860      9037
479000      9037
372680      9064
426920      9064
496768      9064
505628      9064
505548      9109
383380      9127
433780      9130
436280      9130
496628      9130
474640      9205
487068      9205
422140      9220
484348      9220
487868      9220
387760      9250
396000      9250
416000      9250
485888      9250
432420      9271
472920      9271
489888      9271
433120      9304
512768      9304
470080      9334
414540      9370
459100      9370
427600      9382
381360      9385
424320      9385
415260      9412
410820      9427
384720      9436
424760      9436
504088      9436
381060      9442
392240      9541
401280      9541
426600      9565
491728      9571
395280      9682
441440      9682
423060      9688
436060      9688
462640      9688
469520      9691
391340      9715
475580      9715
490348      9715
426320      9739
437920      9742
416260      9754
418020      9754
486068      9754
413000      9790
411560      9829
471220      9829
484748      9829
402280      9859
414140      9859
422800      9859
391260      9865
408800      9865
416080      9865
437540      9865
377260      9880
423000      9880
424320      9880
435880      9880
445340      9880
426200      9928
416020      9988
482408      9988
475440     10024
503048     10024
433280     10039
444560     10051
465660     10051
425400     10090
428640     10090
455180     10090
456460     10090
461780     10090
494048     10090
511088     10090
421900     10126
425180     10126
391920     10147
403540     10147
445000     10147
459160     10147
477080     10147
486128     10267
373800     10273
405160     10273
403300     10294
447040     10294
462620     10309
498208     10309
406780     10351
414940     10351
468980     10351
420200     10366
373380     10381
393400     10381
471580     10381
488128     10381
459660     10411
483068     10411
474400     10498
510108     10498
518248     10504
513268     10507
412160     10522
475060     10543
406560     10573
484328     10573
507128     10573
406440     10597
505548     10597
517368     10597
380740     10615
469800     10615
500608     10615
413980     10627
428080     10627
473040     10627
513068     10627
414540     10633
418280     10687
424740     10687
438400     10687
505988     10687
477520     10705
488808     10705
511868     10705
515228     10705
516708     10705
476320     10708
497668     10708
479220     10714
479240     10723
488308     10723
511708     10723
416600     10759
426080     10759
453980     10759
465740     10759
496688     10759
378080     10765
412380     10765
468720     10765
452820     10795
483088     10795
488128     10795
511208     10819
377800     10837
413000     10837
457780     10837
489128     10837
495648     10837
420620     10864
407160     10888
396980     10912
411240     11026
425400     11044
467140     11053
468320     11053
464160     11098
488908     11140
499808     11140
451220     11146
452180     11146
412420     11161
415780     11161
416720     11161
433760     11161
513208     11161
413300     11173
491748     11173
504508     11173
516928     11173
517508     11173
494508     11176
464180     11209
486628     11209
497188     11209
472460     11233
418060     11254
432220     11257
463200     11257
499508     11257
384740     11281
377380     11311
408220     11320
429300     11323
484408     11323
490048     11344
494608     11344
461160     11371
474900     11371
517888     11371
482128     11440
492368     11440
446860     11443
485528     11443
436800     11458
480808     11458
481328     11458
444460     11470
447260     11470
494148     11470
449260     11491
459240     11491
499728     11491
508548     11491
519928     11491
388420     11560
406400     11560
453260     11560
484828     11563
492448     11563
504908     11563
403520     11629
422500     11635
496468     11635
376780     11644
448580     11644
456520     11644
476700     11644
502648     11683
446480     11752
470400     11752
475160     11752
504208     11752
500548     11806
389100     11818
408500     11818
457900     11851
509808     11851
488368     11860
489928     11860
515948     11860
418560     11869
514468     11914
516168     11914
516668     11914
406180     11932
491668     11938
462120     11962
489128     11962
517568     11962
383120     11980
399680     11980
394800     12004
486708     12004
507548     12004
437360     12040
430460     12055
442540     12055
378740     12079
403120     12079
449160     12079
471120     12079
373300     12100
428960     12100
442300     12100
481648     12100
465640     12109
496268     12109
457100     12121
390580     12142
497688     12142
449340     12145
444620     12157
515688     12157
408480     12169
432940     12169
399460     12181
401960     12181
403640     12181
390920     12211
430180     12211
448560     12241
472200     12241
386840     12244
431320     12244
435060     12244
452900     12244
494128     12244
404860     12259
509128     12259
409920     12292
470640     12358
505148     12358
432360     12409
484968     12409
493628     12409
474160     12418
376640     12436
384940     12436
385600     12436
482708     12436
507948     12436
387720     12460
396080     12460
409100     12460
421360     12460
448000     12481
410140     12493
448480     12493
482228     12496
496668     12496
515608     12496
375720     12505
438260     12505
507128     12505
418360     12535
421460     12535
465400     12535
386380     12544
445320     12544
406580     12562
510488     12562
503908     12592
372140     12610
439660     12610
489748     12610
387080     12643
417960     12643
479840     12643
378600     12730
410060     12730
431040     12730
463500     12730
511528     12739
514628     12748
399500     12754
408160     12754
379420     12772
393560     12790
398580     12796
430160     12796
444740     12796
465540     12796
471240     12796
474620     12796
457780     13000
432880     13003
386320     13006
388960     13006
485248     13006
395180     13063
449880     13063
465060     13063
517568     13063
378540     13150
374680     13180
444740     13180
449100     13180
407380     13228
463580     13228
434620     13273
392920     13315
449180     13315
372320     13321
379780     13321
459320     13321
377460     13330
386580     13417
388320     13417
415900     13417
378960     13438
512968     13438
494588     13516
429600     13555
443820     13555
519888     13555
494108     13603
434820     13624
467000     13624
421580     13639
454820     13639
492428     13639
404000     13681
466320     13690
481688     13690
518448     13690
388840     13699
428760     13699
497808     13699
499288     13699
515808     13699
380160     13702
453520     13702
384520     13738
387400     13738
419120     13738
450960     13738
489188     13738
371220     13747
429640     13747
392340     13771
473380     13771
491288     13771
378560     13774
504848     13786
418660     13840
454880     13840
490468     13840
513408     13840
381760     13843
440980     13843
456980     13843
374380     13861
407620     13861
470560     13861
487908     13861
500548     13861
428820     13894
467620     13894
485628     13894
491708     13894
515528     13894
377620     13909
499988     13933
425220     13942
452140     13942
467600     13942
390660     13972
396560     13972
399980     13993
424680     13993
469980     13993
400380     13999
440020     13999
518548     13999
519128     14005
414960     14017
470360     14059
482808     14059
473720     14125
496988     14125
517588     14170
380460     14236
440800     14236
464660     14236
504368     14236
506288     14236
518148     14236
409700     14251
401740     14281
447660     14281
457060     14281
485308     14281
497088     14281
389320     14332
404120     14338
411780     14338
412440     14347
434660     14347
474200     14347
433260     14428
411640     14443
460200     14443
376480     14479
373020     14491
392320     14491
419560     14491
420440     14491
426400     14491
463400     14491
390340     14500
382320     14632
475720     14632
428260     14635
446000     14635
507728     14635
404200     14671
509688     14671
511468     14725
404960     14740
487668     14740
490628     14740
412060     14752
468900     14752
439840     14791
478320     14791
505568     14791
489028     14833
493508     14833
404120     14836
431400     14836
461500     14836
472120     14836
494108     14836
439040     14863
447080     14869
467640     14869
501168     14869
509588     14869
463140     14887
474480     14887
483028     14923
511448     14923
384580     14968
483308     14992
420200     15010
491508     15010
373660     15025
513028     15025
375220     15031
382560     15052
438160     15052
481648     15064
517968     15064
414580     15091
464240     15106
470880     15127
476660     15127
389820     15136
450320     15136
483768     15136
405160     15172
406400     15172
406920     15172
437780     15193
387760     15202
427500     15223
374380     15346
391640     15346
371860     15373
386100     15373
431580     15373
440140     15373
461200     15373
403980     15403
434060     15403
449840     15403
464540     15403
494848     15403
396700     15427
403180     15427
464640     15427
486768     15427
372940     15466
401840     15466
486188     15466
484828     15490
496468     15490
504928     15490
506348     15490
508548     15490
511368     15520
439140     15547
393520     15574
458800     15574
510408     15574
383580     15577
402820     15577
379340     15586
430100     15586
469240     15586
470720     15586
407060     15613
443920     15613
400080     15619
478800     15631
482908     15631
485368     15631
488408     15631
393780     15667
424940     15667
435100     15667
459960     15673
470660     15673
504248     15697
516428     15697
490068     15709
374480     15730
382220     15730
465920     15730
497628     15730
395560     15748
461000     15748
491988     15748
514908     15748
376020     15769
376560     15769
406840     15769
428340     15769
420060     15811
432900     15811
464420     15811
418540     15829
447740     15829
473720     15829
384240     15838
407720     15838
435360     15838
431920     15892
436260     15892
492668     15892
494828     15892
502448     15892
387260     15925
415200     15925
447100     15925
486928     15925
514628     15925
381680     15940
401220     15958
498168     15958
386660     15988
433920     16045
465320     16045
388380     16069
483748     16069
384060     16111
455860     16114
517728     16114
373880     16144
443400     16144
400360     16165
373340     16192
375520     16192
413000     16192
446660     16249
408540     16279
457200     16279
375620     16291
488808     16306
507128     16306
375620     16315
377180     16330
384680     16330
469680     16378
484448     16378
381880     16402
387120     16402
398280     16408
418700     16408
519928     16408
442960     16450
472880     16450
471700     16507
484068     16507
488228     16507
515508     16507
424240     16546
483868     16546
430940     16561
500488     16603
495588     16618
506348     16618
379460     16651
380380     16651
385800     16651
412120     16651
474040     16651
518408     16651
453240     16750
469780     16750
374920     16777
395260     16777
398380     16807
433040     16807
506768     16810
515208     16810
507868     16822
371340     16855
431100     16858
459660     16858
389380     16864
444560     16864
451500     16864
461640     16864
498248     16864
417440     16879
439160     16879
373220     16897
376220     16897
394480     16897
418960     16897
439240     16897
459180     16897
486048     16897
387680     16930
389240     16975
380700     16987
383320     16987
444020     16987
474020     16987
511648     16987
440800     17065
448640     17065
473600     17065
491548     17065
495188     17065
518808     17065
444500     17098
463880     17098
465660     17098
495288     17098
392880     17107
402220     17107
375340     17167
405140     17167
398380     17176
377660     17182
450040     17209
375240     17212
447980     17212
441940     17218
377800     17236
421740     17236
495288     17236
509728     17272
386000     17305
418300     17305
460640     17323
395940     17422
422920     17476
504128     17476
472180     17512
477520     17512
414800     17578
427660     17578
428820     17578
453760     17578
373820     17599
463840     17599
464880     17599
494228     17599
496988     17599
503128     17599
506188     17599
517668     17599
389040     17638
407980     17638
434760     17638
465380     17638
387100     17656
427700     17656
486008     17656
506568     17656
404560     17659
416820     17659
448820     17659
384060     17677
441260     17677
456080     17677
485908     17677
394520     17710
426880     17710
463460     17710
472960     17710
501908     17710
493768     17737
495528     17737
381920     17779
456520     17779
508828     17779
394820     17782
371780     17851
463740     17893
394140     17899
490508     17899
495948     17899
510448     17899
457160     17908
435000     17947
453040     17947
405860     18007
416580     18007
446840     18007
508768     18058
393340     18091
397480     18091
454700     18091
514208     18091
414880     18163
451780     18163
484048     18163
384420     18211
513048     18211
471120     18316
496608     18316
498688     18316
407860     18334
434000     18403
410800     18457
434340     18457
505788     18457
385840     18463
416400     18463
435360     18463
456860     18463
474840     18463
488368     18463
383900     18475
406780     18475
512788     18493
493368     18511
380520     18517
391220     18517
385500     18535
416180     18535
400000     18574
415800     18574
437560     18574
450140     18574
512308     18574
392620     18658
394880     18664
405940     18664
438700     18664
487268     18667
473340     18700
498888     18700
503808     18700
476620     18727
377040     18823
371920     18832
377140     18832
430000     18832
464280     18832
473820     18832
461560     18841
461240     18889
475040     18889
483988     18889
403600     18958
438860     18970
464860     18970
507088     19009
373460     19048
390900     19054
473280     19054
427800     19057
488068     19057
506788     19057
444720     19066
449080     19066
412940     19084
479180     19084
432920     19117
436120     19117
476500     19117
484488     19117
514488     19117
396300     19123
472020     19123
396900     19126
419960     19126
440640     19126
446220     19126
446540     19126
473400     19126
391100     19129
473280     19174
475060     19174
467820     19189
395040     19195
443560     19195
448660     19195
475000     19195
517148     19225
478080     19240
382880     19249
480808     19249
510968     19249
519888     19249
444220     19267
453920     19267
461960     19267
497728     19267
505328     19306
405320     19312
513568     19342
405020     19363
456360     19363
488228     19363
382460     19372
465180     19372
512128     19372
497588     19393
400960     19432
483588     19456
497468     19456
512348     19456
390600     19468
437060     19468
447560     19468
381500     19471
388360     19471
484028     19486
506728     19486
436440     19510
476160     19510
374360     19513
399940     19519
484108     19519
483728     19525
508728     19525
481808     19579
381700     19624
382880     19633
394420     19633
510888     19633
477800     19657
487708     19657
373980     19702
402120     19702
412640     19702
428480     19702
514868     19702
404220     19765
464440     19765
375160     19774
414420     19804
424400     19804
453660     19804
468340     19804
505908     19831
398540     19849
486288     19849
496628     19849
515048     19849
415340     19897
399520     19900
506748     19900
489988     19906
518888     19906
371860     20029
399300     20029
459240     20029
371100     20080
381500     20080
460720     20080
484828     20080
385680     20107
375100     20110
404220     20110
517708     20110
371680     20203
442800     20242
495248     20242
413920     20251
469620     20302
434040     20419
437260     20434
467640     20434
503008     20434
381420     20473
446280     20473
485748     20473
487848     20473
514408     20473
426520     20521
406320     20551
449560     20551
389140     20584
506688     20584
415240     20602
433540     20608
508708     20620
395440     20644
465260     20644
422700     20653
459500     20653
492688     20653
384820     20656
407740     20656
409000     20656
433600     20656
382680     20677
416660     20677
426440     20716
463900     20731
487348     20731
390100     20743
485668     20743
413780     20749
435280     20749
474640     20749
494488     20749
496528     20776
506408     20830
396140     20842
406780     20842
434580     20842
460860     20842
412580     20875
420700     20875
449020     20875
467960     20875
484668     20875
452780     20956
495708     20956
455280     20986
401160     20995
445540     21049
487348     21049
504788     21049
447220     21133
425440     21163
501008     21208
371420     21211
372300     21211
402060     21211
460340     21211
371320     21220
444500     21223
459580     21226
512928     21226
504388     21265
374640     21358
464500     21388
466820     21388
464480     21409
475940     21409
506148     21409
444300     21427
435740     21499
469280     21499
490028     21499
467620     21532
412420     21538
443520     21562
454440     21562
458460     21562
481468     21562
495068     21562
405760     21586
372440     21592
386240     21592
405460     21592
436500     21592
461280     21592
478500     21679
407660     21694
502968     21694
372140     21703
371220     21718
384380     21718
465180     21718
379520     21721
457880     21721
462240     21721
404000     21808
483568     21808
400700     21826
469380     21826
483048     21826
512508     21826
392220     21859
374460     21940
429740     21955
461980     21955
462700     21955
497608     21955
478400     22012
415640     22075
450020     22075
495188     22075
382700     22093
410160     22093
478180     22093
491808     22093
391660     22099
459520     22099
433000     22126
473520     22126
475080     22147
505788     22186
394340     22195
473240     22195
390860     22204
425160     22204
467300     22204
493328     22204
489188     22276
415460     22342
431260     22342
473600     22342
416140     22447
448280     22447
451540     22447
459740     22447
404700     22501
384920     22525
484788     22525
392740     22552
466940     22594
391600     22597
394280     22609
462080     22609
372060     22615
422380     22621
488868     22621
512908     22621
424100     22645
449040     22645
509028     22720
389120     22735
425280     22735
465160     22735
422260     22738
506968     22738
516608     22738
384620     22768
371280     22831
374920     22831
393280     22831
412540     22831
414620     22831
481668     22831
415540     22834
512048     22834
519468     22834
395620     22843
375580     22918
490408     22918
503888     22918
423940     22966
508928     23005
493788     23038
382960     23056
443000     23059
459480     23059
477700     23059
502348     23065
398020     23074
446140     23074
401220     23080
390600     23140
496848     23140
374280     23152
412720     23152
427400     23152
392640     23188
387120     23206
504108     23206
382380     23215
502128     23215
438200     23221
387200     23263
431720     23263
377380     23287
454160     23362
487868     23362
489888     23362
401720     23365
371200     23407
382960     23407
403040     23407
485888     23410
491068     23410
372940     23419
378360     23455
516408     23638
510908     23674
515948     23674
486788     23677
383220     23683
408300     23683
416920     23683
424340     23683
503168     23692
505828     23692
408760     23701
493388     23701
381460     23749
431180     23749
456580     23749
422360     23797
480788     23797
439820     23878
503208     23878
486928     23890
378460     23905
462540     23905
466700     23905
471960     23905
473440     23905
485288     23905
443800     23917
372060     23926
499928     23929
459860     23941
501288     23941
384420     23965
436080     23965
372660     23974
425520     23974
429540     23974
445360     23974
449620     23974
452360     23974
454620     23974
462400     23974
504688     23974
413800     23992
370720     24100
456860     24100
482568     24115
373360     24205
386120     24205
469640     24205
488488     24205
400760     24223
417960     24223
455700     24223
466180     24223
476400     24235
506608     24235
514668     24235
484428     24367
421940     24376
437140     24382
469520     24382
493188     24457
494348     24457
438020     24460
385440     24466
507348     24472
384120     24487
374160     24532
374000     24538
423860     24538
426520     24538
434700     24538
471960     24538
483148     24538
386120     24541
418060     24541
432580     24541
512148     24541
519188     24541
433980     24565
494288     24565
409560     24589
469320     24589
479520     24589
492408     24592
493208     24592
494088     24592
384540     24661
412540     24661
480708     24661
392700     24670
391560     24685
393900     24685
445740     24685
486868     24685
396980     24709
445400     24709
484288     24709
500408     24709
506828     24712
514728     24712
517588     24712
