              0              0
             16              0
             32              0
             48              0
             64              0
             80              0
             96              0
            112              0
            128              0
            144              1
            160              0
            176              1
            192              0
            208              0
            224              2
            240              1
            256              0
            272              0
            288              2
            304              0
            320              1
            336              0
            352              0
            368              2
            384              0
            400              0
            416              0
            432              1
            448              0
            464              3
            480              0
            496              1
            512              1
            528              1
            544              0
            560              1
            576              1
            592              1
            608              0
            624              2
            640              2
            656              0
            672              0
            688              0
            704              2
            720              1
            736              0
            752              2
            768              1
            784              2
            800              2
            816              2
            832              1
            848              1
            864              1
            880              1
            896              0
            912              0
            928              0
            944              3
            960              0
            976              0
            992              0
           1008              0
           1024              0
           1040              0
           1056              0
           1072              1
           1088              0
           1104              0
           1120              0
           1136              0
           1152              0
           1168              1
           1184              2
           1200              2
           1216              0
           1232              0
           1248              0
           1264              0
           1280              0
           1296              0
           1312              0
           1328              0
           1344              1
           1360              0
           1376              0
           1392              0
           1408              0
           1424              0
           1440              0
           1456              2
           1472              0
           1488              0
           1504              1
           1520              1
           1536              0
           1552              0
           1568              0
           1584              0
           1600              0
           1616              1
           1632              0
           1648              0
           1664              0
           1680              0
           1696              0
           1712              0
           1728              0
           1744              1
           1760              0
           1776              0
           1792              0
           1808              0
           1824              0
           1840              0
           1856              1
           1872              0
           1888              0
           1904              0
           1920              0
           1936              0
           1952              0
           1968              0
           1984              0
           2000              0
           2016              0
           2032              0
           2048              0
           2064              0
           2080              0
           2096              0
           2112              0
           2128              0
           2144              0
           2160              1
           2176              1
           2192              0
           2208              0
           2224              0
           2240              0
           2256              0
           2272              1
           2288              0
           2304              0
           2320              0
           2336              0
           2352              0
           2368              0
           2384              0
           2400              0
           2416              1
           2432              0
           2448              0
           2464              0
           2480              0
           2496              0
           2512              0
           2528              0
           2544              0
           2560              0
           2576              0
           2592              0
           2608              0
           2624              0
           2640              0
           2656              1
           2672              1
           2688              0
           2704              0
           2720              0
           2736              0
           2752              0
           2768              0
           2784              0
           2800              0
           2816              0
           2832              0
           2848              0
           2864              0
           2880              0
           2896              0
           2912              0
           2928              0
           2944              1
           2960              0
           2976              0
           2992              0
           3008              0
           3024              0
           3040              0
           3056              0
           3072              0
           3088              1
           3104              0
           3120              0
           3136              0
           3152              0
           3168              0
           3184              0
           3200              0
           3216              0
           3232              0
           3248              1
           3264              0
           3280              0
           3296              0
           3312              0
           3328              0
           3344              0
           3360              0
           3376              0
           3392              0
           3408              0
           3424              0
           3440              0
           3456              0
           3472              0
           3488              0
           3504              0
           3520              0
           3536              0
           3552              0
           3568              0
           3584              0
           3600              0
           3616              0
           3632              0
           3648              0
           3664              0
           3680              1
           3696              0
           3712              0
           3728              0
           3744              0
           3760              0
           3776              0
           3792              0
           3808              0
           3824              0
           3840              0
           3856              0
           3872              0
           3888              0
           3904              0
           3920              0
           3936              0
           3952              0
           3968              0
           3984              0
           4000              0
           4016              0
           4032              0
           4048              0
           4064              0
           4080              0
           4096              0
           4112              0
           4128              0
           4144              0
           4160              0
           4176              0
           4192              0
           4208              0
           4224              0
           4240              0
           4256              0
           4272              0
           4288              0
           4304              0
           4320              0
           4336              0
           4352              0
           4368              0
           4384              0
           4400              0
           4416              0
           4432              0
           4448              0
           4464              0
           4480              0
           4496              0
           4512              0
           4528              0
           4544              0
           4560              0
           4576              0
           4592              0
           4608              0
           4624              0
           4640              0
           4656              0
           4672              0
           4688              0
           4704              0
           4720              0
           4736              0
           4752              0
           4768              0
           4784              0
           4800              0
           4816              0
           4832              0
           4848              0
           4864              0
           4880              0
           4896              0
           4912              0
           4928              0
           4944              0
           4960              0
           4976              0
           4992              0
           5008              0
           5024              0
           5040              0
           5056              0
           5072              0
           5088              0
           5104              0
           5120              0
           5136              0
           5152              0
           5168              0
           5184              0
           5200              0
           5216              0
           5232              0
           5248              0
           5264              0
           5280              0
           5296              0
           5312              0
           5328              0
           5344              0
           5360              0
           5376              0
           5392              0
           5408              0
           5424              0
           5440              0
           5456              0
           5472              0
           5488              0
           5504              0
           5520              0
           5536              0
           5552              0
           5568              0
           5584              0
           5600              0
           5616              0
           5632              0
           5648              0
           5664              0
           5680              0
           5696              0
           5712              0
           5728              0
           5744              0
           5760              0
           5776              0
           5792              0
           5808              0
           5824              0
           5840              0
           5856              0
           5872              0
           5888              0
           5904              0
           5920              0
           5936              0
           5952              0
           5968              0
           5984              0
           6000              0
           6016              0
           6032              0
           6048              0
           6064              0
           6080              0
           6096              0
           6112              0
           6128              0
           6144              0
           6160              0
           6176              0
           6192              0
           6208              0
           6224              0
           6240              0
           6256              0
           6272              0
           6288              0
           6304              0
           6320              0
           6336              0
           6352              0
           6368              0
           6384              0
           6400              0
           6416              0
           6432              0
           6448              0
           6464              0
           6480              0
           6496              0
           6512              0
           6528              0
           6544              0
           6560              0
           6576              0
           6592              0
           6608              0
           6624              0
           6640              0
           6656              0
           6672              0
           6688              0
           6704              0
           6720              0
           6736              0
           6752              0
           6768              0
           6784              0
           6800              0
           6816              0
           6832              0
           6848              0
           6864              0
           6880              0
           6896              0
           6912              0
           6928              0
           6944              0
           6960              0
           6976              0
           6992              0
           7008              0
           7024              0
           7040              0
           7056              0
           7072              0
           7088              0
           7104              0
           7120              0
           7136              0
           7152              0
           7168              0
           7184              0
           7200              0
           7216              0
           7232              0
           7248              0
           7264              0
           7280              0
           7296              0
           7312              0
           7328              0
           7344              0
           7360              0
           7376              0
           7392              0
           7408              0
           7424              0
           7440              0
           7456              0
           7472              0
           7488              0
           7504              0
           7520              0
           7536              0
           7552              0
           7568              0
           7584              0
           7600              0
           7616              0
           7632              0
           7648              0
           7664              0
           7680              0
           7696              0
           7712              0
           7728              0
           7744              0
           7760              0
           7776              0
           7792              0
           7808              0
           7824              0
           7840              0
           7856              0
           7872              0
           7888              0
           7904              0
           7920              0
           7936              0
           7952              0
           7968              0
           7984              0
           8000              0
           8016              0
           8032              0
           8048              0
           8064              0
           8080              0
           8096              0
           8112              0
           8128              0
           8144              0
           8160              0
           8176              0
           8192              0
           8208              0
           8224              0
           8240              0
           8256              0
           8272              0
           8288              0
           8304              0
           8320              0
           8336              0
           8352              0
           8368              0
           8384              0
           8400              0
           8416              0
           8432              0
           8448              0
           8464              0
           8480              0
           8496              0
           8512              0
           8528              0
           8544              0
           8560              0
           8576              0
           8592              0
           8608              0
           8624              0
           8640              0
           8656              0
           8672              0
           8688              0
           8704              0
           8720              0
           8736              0
           8752              0
           8768              0
           8784              0
           8800              0
           8816              0
           8832              0
           8848              0
           8864              0
           8880              0
           8896              0
           8912              0
           8928              0
           8944              0
           8960              0
           8976              0
           8992              0
           9008              0
           9024              0
           9040              0
           9056              0
           9072              0
           9088              0
           9104              0
           9120              0
           9136              0
           9152              0
           9168              0
           9184              0
           9200              0
           9216              0
           9232              0
           9248              0
           9264              0
           9280              0
           9296              0
           9312              0
           9328              0
           9344              0
           9360              0
           9376              0
           9392              0
           9408              0
           9424              0
           9440              0
           9456              0
           9472              0
           9488              0
           9504              0
           9520              0
           9536              0
           9552              0
           9568              0
           9584              0
           9600              0
           9616              0
           9632              0
           9648              0
           9664              0
           9680              0
           9696              0
           9712              0
           9728              0
           9744              0
           9760              0
           9776              0
           9792              0
           9808              0
           9824              0
           9840              0
           9856              0
           9872              0
           9888              0
           9904              0
           9920              0
           9936              0
           9952              0
           9968              0
           9984              0
          10000              0
          10016              0
          10032              0
          10048              0
          10064              0
          10080              0
          10096              0
          10112              0
          10128              0
          10144              0
          10160              0
          10176              0
          10192              0
          10208              0
          10224              0
          10240              0
          10256              0
          10272              0
          10288              0
          10304              0
          10320              0
          10336              0
          10352              0
          10368              0
          10384              0
          10400              0
          10416              0
          10432              0
          10448              0
          10464              0
          10480              0
          10496              0
          10512              0
          10528              0
          10544              0
          10560              0
          10576              0
          10592              0
          10608              0
          10624              0
          10640              0
          10656              0
          10672              0
          10688              0
          10704              0
          10720              0
          10736              0
          10752              0
          10768              0
          10784              0
          10800              0
          10816              0
          10832              0
          10848              0
          10864              0
          10880              0
          10896              0
          10912              0
          10928              0
          10944              0
          10960              0
          10976              0
          10992              0
          11008              0
          11024              0
          11040              0
          11056              0
          11072              0
          11088              0
          11104              0
          11120              0
          11136              0
          11152              0
          11168              0
          11184              0
          11200              0
          11216              0
          11232              0
          11248              0
          11264              0
          11280              0
          11296              0
          11312              0
          11328              0
          11344              0
          11360              0
          11376              0
          11392              0
          11408              0
          11424              0
          11440              0
          11456              0
          11472              0
          11488              0
          11504              0
          11520              0
          11536              0
          11552              0
          11568              0
          11584              0
          11600              0
          11616              0
          11632              0
          11648              0
          11664              0
          11680              0
          11696              0
          11712              0
          11728              0
          11744              0
          11760              0
          11776              0
          11792              0
          11808              0
          11824              0
          11840              0
          11856              0
          11872              0
          11888              0
          11904              0
          11920              0
          11936              0
          11952              0
          11968              0
          11984              0
          12000              0
          12016              0
          12032              0
          12048              0
          12064              0
          12080              0
          12096              0
          12112              0
          12128              0
          12144              0
          12160              0
          12176              0
          12192              0
          12208              0
          12224              0
          12240              0
          12256              0
          12272              0
          12288              0
          12304              0
          12320              0
          12336              0
          12352              0
          12368              0
          12384              0
          12400              0
          12416              0
          12432              0
          12448              0
          12464              0
          12480              0
          12496              0
          12512              0
          12528              0
          12544              0
          12560              0
          12576              0
          12592              0
          12608              0
          12624              0
          12640              0
          12656              0
          12672              0
          12688              0
          12704              0
          12720              0
          12736              0
          12752              0
          12768              0
          12784              0
          12800              0
          12816              0
          12832              0
          12848              0
          12864              0
          12880              0
          12896              0
          12912              0
          12928              0
          12944              0
          12960              0
          12976              0
          12992              0
          13008              0
          13024              0
          13040              0
          13056              0
          13072              0
          13088              0
          13104              0
          13120              0
          13136              0
          13152              0
          13168              0
          13184              0
          13200              0
          13216              0
          13232              0
          13248              0
          13264              0
          13280              0
          13296              0
          13312              0
          13328              0
          13344              0
          13360              0
          13376              0
          13392              0
          13408              0
          13424              0
          13440              0
          13456              0
          13472              0
          13488              0
          13504              0
          13520              0
          13536              0
          13552              0
          13568              0
          13584              0
          13600              0
          13616              0
          13632              0
          13648              0
          13664              0
          13680              0
          13696              0
          13712              0
          13728              0
          13744              0
          13760              0
          13776              0
          13792              0
          13808              0
          13824              0
          13840              0
          13856              0
          13872              0
          13888              0
          13904              0
          13920              0
          13936              0
          13952              0
          13968              0
          13984              0
          14000              0
          14016              0
          14032              0
          14048              0
          14064              0
          14080              0
          14096              0
          14112              0
          14128              0
          14144              0
          14160              0
          14176              0
          14192              0
          14208              0
          14224              0
          14240              0
          14256              0
          14272              0
          14288              0
          14304              0
          14320              0
          14336              0
          14352              0
          14368              0
          14384              0
          14400              0
          14416              0
          14432              0
          14448              0
          14464              0
          14480              0
          14496              0
          14512              0
          14528              0
          14544              0
          14560              0
          14576              0
          14592              0
          14608              0
          14624              0
          14640              0
          14656              0
          14672              0
          14688              0
          14704              0
          14720              0
          14736              0
          14752              0
          14768              0
          14784              0
          14800              0
          14816              0
          14832              0
          14848              0
          14864              0
          14880              0
          14896              0
          14912              0
          14928              0
          14944              0
          14960              0
          14976              0
          14992              0
          15008              0
          15024              0
          15040              0
          15056              0
          15072              0
          15088              0
          15104              0
          15120              0
          15136              0
          15152              0
          15168              0
          15184              0
          15200              0
          15216              0
          15232              0
          15248              0
          15264              0
          15280              0
          15296              0
          15312              0
          15328              0
          15344              0
          15360              0
          15376              0
          15392              0
          15408              0
          15424              0
          15440              0
          15456              0
          15472              0
          15488              0
          15504              0
          15520              0
          15536              0
          15552              0
          15568              0
          15584              0
          15600              0
          15616              0
          15632              0
          15648              0
          15664              0
          15680              0
          15696              0
          15712              0
          15728              0
          15744              0
          15760              0
          15776              0
          15792              0
          15808              0
          15824              0
          15840              0
          15856              0
          15872              0
          15888              0
          15904              0
          15920              0
          15936              0
          15952              0
          15968              0
          15984              0
          16000              0
          16016              0
          16032              0
          16048              0
          16064              0
          16080              0
          16096              0
          16112              0
          16128              0
          16144              0
          16160              0
          16176              0
          16192              0
          16208              0
          16224              0
          16240              0
          16256              0
          16272              0
          16288              0
          16304              0
          16320              0
          16336              0
          16352              0
          16368              0
          16384              0
          16400              0
          16416              0
          16432              0
          16448              0
          16464              0
          16480              0
          16496              0
          16512              0
          16528              0
          16544              0
          16560              0
          16576              0
          16592              0
          16608              0
          16624              0
          16640              0
          16656              0
          16672              0
          16688              0
          16704              0
          16720              0
          16736              0
          16752              0
          16768              0
          16784              0
          16800              0
          16816              0
          16832              0
          16848              0
          16864              0
          16880              0
          16896              0
          16912              0
          16928              0
          16944              0
          16960              0
          16976              0
          16992              0
          17008              0
          17024              0
          17040              0
          17056              0
          17072              0
          17088              0
          17104              0
          17120              0
          17136              0
          17152              0
          17168              0
          17184              0
          17200              0
          17216              0
          17232              0
          17248              0
          17264              0
          17280              0
          17296              0
          17312              0
          17328              0
          17344              0
          17360              0
          17376              0
          17392              0
          17408              0
          17424              0
          17440              0
          17456              0
          17472              0
          17488              0
          17504              0
          17520              0
          17536              0
          17552              0
          17568              0
          17584              0
          17600              0
          17616              0
          17632              0
          17648              0
          17664              0
          17680              0
          17696              0
          17712              0
          17728              0
          17744              0
          17760              0
          17776              0
          17792              0
          17808              0
          17824              0
          17840              0
          17856              0
          17872              0
          17888              0
          17904              0
          17920              0
          17936              0
          17952              0
          17968              0
          17984              0
          18000              0
          18016              0
          18032              0
          18048              0
          18064              0
          18080              0
          18096              0
          18112              0
          18128              0
          18144              0
          18160              0
          18176              0
          18192              0
          18208              0
          18224              0
          18240              0
          18256              0
          18272              0
          18288              0
          18304              0
          18320              0
          18336              0
          18352              0
          18368              0
          18384              0
          18400              0
          18416              0
          18432              0
          18448              0
          18464              0
          18480              0
          18496              0
          18512              0
          18528              0
          18544              0
          18560              0
          18576              0
          18592              0
          18608              0
          18624              0
          18640              0
          18656              0
          18672              0
          18688              0
          18704              0
          18720              0
          18736              0
          18752              0
          18768              0
          18784              0
          18800              0
          18816              0
          18832              0
          18848              0
          18864              0
          18880              0
          18896              0
          18912              0
          18928              0
          18944              0
          18960              0
          18976              0
          18992              0
          19008              0
          19024              0
          19040              0
          19056              0
          19072              0
          19088              0
          19104              0
          19120              0
          19136              0
          19152              0
          19168              0
          19184              0
          19200              0
          19216              0
          19232              0
          19248              0
          19264              0
          19280              0
          19296              0
          19312              0
          19328              0
          19344              0
          19360              0
          19376              0
          19392              0
          19408              0
          19424              0
          19440              0
          19456              0
          19472              0
          19488              0
          19504              0
          19520              0
          19536              0
          19552              0
          19568              0
          19584              0
          19600              0
          19616              0
          19632              0
          19648              0
          19664              0
          19680              0
          19696              0
          19712              0
          19728              0
          19744              0
          19760              0
          19776              0
          19792              0
          19808              0
          19824              0
          19840              0
          19856              0
          19872              0
          19888              0
          19904              0
          19920              0
          19936              0
          19952              0
          19968              0
          19984              0
          20000              0
          20016              0
          20032              0
          20048              0
          20064              0
          20080              0
          20096              0
          20112              0
          20128              0
          20144              0
          20160              0
          20176              0
          20192              0
          20208              0
          20224              0
          20240              0
          20256              0
          20272              0
          20288              0
          20304              0
          20320              0
          20336              0
          20352              0
          20368              0
          20384              0
          20400              0
          20416              0
          20432              0
          20448              0
          20464              0
          20480              0
          20496              0
          20512              0
          20528              0
          20544              0
          20560              0
          20576              0
          20592              0
          20608              0
          20624              0
          20640              0
          20656              0
          20672              0
          20688              0
          20704              0
          20720              0
          20736              0
          20752              0
          20768              0
          20784              0
          20800              0
          20816              0
          20832              0
          20848              0
          20864              0
          20880              0
          20896              0
          20912              0
          20928              0
          20944              0
          20960              0
          20976              0
          20992              0
          21008              0
          21024              0
          21040              0
          21056              0
          21072              0
          21088              0
          21104              0
          21120              0
          21136              0
          21152              0
          21168              0
          21184              0
          21200              0
          21216              0
          21232              0
          21248              0
          21264              0
          21280              0
          21296              0
          21312              0
          21328              0
          21344              0
          21360              0
          21376              0
          21392              0
          21408              0
          21424              0
          21440              0
          21456              0
          21472              0
          21488              0
          21504              0
          21520              0
          21536              0
          21552              0
          21568              0
          21584              0
          21600              0
          21616              0
          21632              0
          21648              0
          21664              0
          21680              0
          21696              0
          21712              0
          21728              0
          21744              0
          21760              0
          21776              0
          21792              0
          21808              0
          21824              0
          21840              0
          21856              0
          21872              0
          21888              0
          21904              0
          21920              0
          21936              0
          21952              0
          21968              0
          21984              0
          22000              0
          22016              0
          22032              0
          22048              0
          22064              0
          22080              0
          22096              0
          22112              0
          22128              0
          22144              0
          22160              0
          22176              0
          22192              0
          22208              0
          22224              0
          22240              0
          22256              0
          22272              0
          22288              0
          22304              0
          22320              0
          22336              0
          22352              0
          22368              0
          22384              0
          22400              0
          22416              0
          22432              0
          22448              0
          22464              0
          22480              0
          22496              0
          22512              0
          22528              0
          22544              0
          22560              0
          22576              0
          22592              0
          22608              0
          22624              0
          22640              0
          22656              0
          22672              0
          22688              0
          22704              0
          22720              0
          22736              0
          22752              0
          22768              0
          22784              0
          22800              0
          22816              0
          22832              0
          22848              0
          22864              0
          22880              0
          22896              0
          22912              0
          22928              0
          22944              0
          22960              0
          22976              0
          22992              0
          23008              0
          23024              0
          23040              0
          23056              0
          23072              0
          23088              0
          23104              0
          23120              0
          23136              0
          23152              0
          23168              0
          23184              0
          23200              0
          23216              0
          23232              0
          23248              0
          23264              0
          23280              0
          23296              0
          23312              0
          23328              0
          23344              0
          23360              0
          23376              0
          23392              0
          23408              0
          23424              0
          23440              0
          23456              0
          23472              0
          23488              0
          23504              0
          23520              0
          23536              0
          23552              0
          23568              0
          23584              0
          23600              0
          23616              0
          23632              0
          23648              0
          23664              0
          23680              0
          23696              0
          23712              0
          23728              0
          23744              0
          23760              0
          23776              0
          23792              0
          23808              0
          23824              0
          23840              0
          23856              0
          23872              0
          23888              0
          23904              0
          23920              0
          23936              0
          23952              0
          23968              0
          23984              0
          24000              0
          24016              0
          24032              0
          24048              0
          24064              0
          24080              0
          24096              0
          24112              0
          24128              0
          24144              0
          24160              0
          24176              0
          24192              0
          24208              0
          24224              0
          24240              0
          24256              0
          24272              0
          24288              0
          24304              0
          24320              0
          24336              0
          24352              0
          24368              0
          24384              0
          24400              0
          24416              0
          24432              0
          24448              0
          24464              0
          24480              0
          24496              0
          24512              0
          24528              0
          24544              0
          24560              0
          24576              0
          24592              0
          24608              0
          24624              0
          24640              0
          24656              0
          24672              0
          24688              0
          24704              0
          24720              0
          24736              0
          24752              0
          24768              0
          24784              0
          24800              0
          24816              0
          24832              0
          24848              0
          24864              0
          24880              0
          24896              0
          24912              0
          24928              0
          24944              0
          24960              0
          24976              0
          24992              0
          25008              0
          25024              0
          25040              0
          25056              0
          25072              0
          25088              0
          25104              0
          25120              0
          25136              0
          25152              0
          25168              0
          25184              0
          25200              0
          25216              0
          25232              0
          25248              0
          25264              0
          25280              0
          25296              0
          25312              0
          25328              0
          25344              0
          25360              0
          25376              0
          25392              0
          25408              0
          25424              0
          25440              0
          25456              0
          25472              0
          25488              0
          25504              0
          25520              0
          25536              0
          25552              0
          25568              0
          25584              0
          25600              0
          25616              0
          25632              0
          25648              0
          25664              0
          25680              0
          25696              0
          25712              0
          25728              0
          25744              0
          25760              0
          25776              0
          25792              0
          25808              0
          25824              0
          25840              0
          25856              0
          25872              0
          25888              0
          25904              0
          25920              0
          25936              0
          25952              0
          25968              0
          25984              0
          26000              0
          26016              0
          26032              0
          26048              0
          26064              0
          26080              0
          26096              0
          26112              0
          26128              0
          26144              0
          26160              0
          26176              0
          26192              0
          26208              0
          26224              0
          26240              0
          26256              0
          26272              0
          26288              0
          26304              0
          26320              0
          26336              0
          26352              0
          26368              0
          26384              0
          26400              0
          26416              0
          26432              0
          26448              0
          26464              0
          26480              0
          26496              0
          26512              0
          26528              0
          26544              0
          26560              0
          26576              0
          26592              0
          26608              0
          26624              0
          26640              0
          26656              0
          26672              0
          26688              0
          26704              0
          26720              0
          26736              0
          26752              0
          26768              0
          26784              0
          26800              0
          26816              0
          26832              0
          26848              0
          26864              0
          26880              0
          26896              0
          26912              0
          26928              0
          26944              0
          26960              0
          26976              0
          26992              0
          27008              0
          27024              0
          27040              0
          27056              0
          27072              0
          27088              0
          27104              0
          27120              0
          27136              0
          27152              0
          27168              0
          27184              0
          27200              0
          27216              0
          27232              0
          27248              0
          27264              0
          27280              0
          27296              0
          27312              0
          27328              0
          27344              0
          27360              0
          27376              0
          27392              0
          27408              0
          27424              0
          27440              0
          27456              0
          27472              0
          27488              0
          27504              0
          27520              0
          27536              0
          27552              0
          27568              0
          27584              0
          27600              0
          27616              0
          27632              0
          27648              0
          27664              0
          27680              0
          27696              0
          27712              0
          27728              0
          27744              0
          27760              0
          27776              0
          27792              0
          27808              0
          27824              0
          27840              0
          27856              0
          27872              0
          27888              0
          27904              0
          27920              0
          27936              0
          27952              0
          27968              0
          27984              0
          28000              0
          28016              0
          28032              0
          28048              0
          28064              0
          28080              0
          28096              0
          28112              0
          28128              0
          28144              0
          28160              0
          28176              0
          28192              0
          28208              0
          28224              0
          28240              0
          28256              0
          28272              0
          28288              0
          28304              0
          28320              0
          28336              0
          28352              0
          28368              0
          28384              0
          28400              0
          28416              0
          28432              0
          28448              0
          28464              0
          28480              0
          28496              0
          28512              0
          28528              0
          28544              0
          28560              0
          28576              0
          28592              0
          28608              0
          28624              0
          28640              0
          28656              0
          28672              0
          28688              0
          28704              0
          28720              0
          28736              0
          28752              0
          28768              0
          28784              0
          28800              0
          28816              0
          28832              0
          28848              0
          28864              0
          28880              0
          28896              0
          28912              0
          28928              0
          28944              0
          28960              0
          28976              0
          28992              0
          29008              0
          29024              0
          29040              0
          29056              0
          29072              0
          29088              0
          29104              0
          29120              0
          29136              0
          29152              0
          29168              0
          29184              0
          29200              0
          29216              0
          29232              0
          29248              0
          29264              0
          29280              0
          29296              0
          29312              0
          29328              0
          29344              0
          29360              0
          29376              0
          29392              0
          29408              0
          29424              0
          29440              0
          29456              0
          29472              0
          29488              0
          29504              0
          29520              0
          29536              0
          29552              0
          29568              0
          29584              0
          29600              0
          29616              0
          29632              0
          29648              0
          29664              0
          29680              0
          29696              0
          29712              0
          29728              0
          29744              0
          29760              0
          29776              0
          29792              0
          29808              0
          29824              0
          29840              0
          29856              0
          29872              0
          29888              0
          29904              0
          29920              0
          29936              0
          29952              0
          29968              0
          29984              0
          30000              0
          30016              0
          30032              0
          30048              0
          30064              0
          30080              0
          30096              0
          30112              0
          30128              0
          30144              0
          30160              0
          30176              0
          30192              0
          30208              0
          30224              0
          30240              0
          30256              0
          30272              0
          30288              0
          30304              0
          30320              0
          30336              0
          30352              0
          30368              0
          30384              0
          30400              0
          30416              0
          30432              0
          30448              0
          30464              0
          30480              0
          30496              0
          30512              0
          30528              0
          30544              0
          30560              0
          30576              0
          30592              0
          30608              0
          30624              0
          30640              0
          30656              0
          30672              0
          30688              0
          30704              0
          30720              0
          30736              0
          30752              0
          30768              0
          30784              0
          30800              0
          30816              0
          30832              0
          30848              0
          30864              0
          30880              0
          30896              0
          30912              0
          30928              0
          30944              0
          30960              0
          30976              0
          30992              0
          31008              0
          31024              0
          31040              0
          31056              0
          31072              0
          31088              0
          31104              0
          31120              0
          31136              0
          31152              0
          31168              0
          31184              0
          31200              0
          31216              0
          31232              0
          31248              0
          31264              0
          31280              0
          31296              0
          31312              0
          31328              0
          31344              0
          31360              0
          31376              0
          31392              0
          31408              0
          31424              0
          31440              0
          31456              0
          31472              0
          31488              0
          31504              0
          31520              0
          31536              0
          31552              0
          31568              0
          31584              0
          31600              0
          31616              0
          31632              0
          31648              0
          31664              0
          31680              0
          31696              0
          31712              0
          31728              0
          31744              0
          31760              0
          31776              0
          31792              0
          31808              0
          31824              0
          31840              0
          31856              0
          31872              0
          31888              0
          31904              0
          31920              0
          31936              0
          31952              0
          31968              0
          31984              0
