2836    381344    381432         1
2872    406760    406992        -1
2872    434524    434900        -1
2872    475932    476220        -1
2872    503868    503936         1
2872    504432    504792        -1
2935    396460    396756         1
2986    432596    432996         1
2986    436040    436304        -1
3031    457616    457772         1
3085    455016    455160         1
3085    473584    473780        -1
3130    411456    411996        -1
3130    426768    426856        -1
3130    490276    491084         1
3154    491924    492096         1
3199    495852    495976         1
3199    496272    497188        -1
3199    497572    497804         1
3199    497856    498032        -1
3223    385504    385696         1
3223    413160    413212        -1
3250    450356    450476        -1
3250    453740    454036         1
3253    467492    467684        -1
3265    435364    435736        -1
3415    502084    502300         1
3415    518752    518956        -1
3535    487344    487556         1
3538    513512    513712        -1
3538    518108    518244         1
3559    458744    459404        -1
3574    486000    486536         1
3574    488916    489028         1
3574    489068    489124        -1
3610    465156    465188         1
3634    518428    518612         1
3667    519384    519436        -1
3682    491492    491924         1
3721    516568    516860        -1
3757    395616    395812        -1
3775    391644    391748         1
3775    414408    414868        -1
3823    481660    481832         1
3889    402752    402940         1
3889    476032    476072         1
3889    512640    513240         1
3946    380576    380732         1
3976    379460    380228        -1
3976    383008    383672        -1
4048    406356    406648        -1
4048    410460    410820        -1
4048    419184    419324        -1
4048    446400    446600        -1
4093    468772    469104        -1
4099    409964    410116         1
4099    452520    452752         1
4117    372656    372768         1
4117    407112    407264         1
4117    412468    412544         1
4138    453812    453996        -1
4162    472000    472208         1
4225    394460    394588        -1
4225    423272    423340        -1
4264    431196    431760        -1
4399    373684    374416        -1
4399    448164    448276        -1
