11.3041        -nan
11.3339        -nan
11.3637        -nan
11.3935        -nan
11.4233        -nan
11.4531        -nan
11.4829        -nan
11.5126        -nan
11.5424        -nan
11.5722        -nan
11.602        -nan
11.6318        -nan
11.6616        -nan
11.6914        -nan
11.7212        -nan
11.751        -nan
11.7808        -nan
11.8106        -nan
11.8404        -nan
11.8702        -nan
11.9        -nan
11.9298        -nan
11.9596        -nan
11.9893        -nan
12.0191        -nan
12.0489        -nan
12.0787        -nan
12.1085        -nan
12.1383        -nan
12.1681        -nan
12.1979        -nan
12.2277        -nan
12.2575        -nan
12.2873        -nan
12.3171        -nan
12.3469        -nan
12.3767        -nan
12.4065        -nan
12.4363        -nan
12.466        -nan
12.4958        -nan
12.5256        -nan
12.5554        -nan
12.5852        -nan
12.615        -nan
12.6448        -nan
12.6746        -nan
12.7044        -nan
12.7342        -nan
12.764        -nan
12.7938        -nan
12.8236        -nan
12.8534        -nan
12.8832        -nan
12.913        -nan
12.9427        -nan
12.9725        -nan
13.0023        -nan
13.0321        -nan
13.0619        -nan
13.0917        -nan
13.1215        -nan
13.1513        -nan
13.1811        -nan
13.2109          40
13.2407          80
13.2705          80
13.3003         100
13.3301         100
13.3599         130
13.3897         130
13.4194         140
13.4492         100
13.479     93.3333
13.5088     91.4286
13.5386     102.222
13.5684        82.5
13.5982     88.4211
13.628     90.9091
13.6578     91.0345
13.6876     95.7576
13.7174         103
13.7472     99.2308
13.777     103.226
13.8068     102.105
13.8366     104.255
13.8664     112.632
13.8961     119.084
13.9259     118.462
13.9557     121.117
13.9855     122.233
14.0153     126.367
14.0451     139.041
14.0749     138.354
14.1047     144.589
14.1345      155.09
14.1643     164.561
14.1941     169.873
14.2239     178.865
14.2537     185.934
14.2835     192.177
14.3133     200.443
14.3431     202.819
14.3728     201.651
14.4026     208.575
14.4324     214.419
14.4622     222.857
14.492     231.765
14.5218     236.643
14.5516     240.274
14.5814     247.723
14.6112     254.549
14.641     259.362
14.6708     266.079
14.7006     275.008
14.7304     281.186
14.7602     285.327
14.79     294.137
14.8198     298.595
14.8496     298.742
14.8793     304.444
14.9091      299.97
14.9389      295.31
14.9687     291.482
14.9985     292.221
15.0283     289.325
15.0581     288.395
15.0879     284.094
15.1177      284.11
15.1475      279.06
15.1773     278.877
15.2071     271.854
15.2369      269.17
15.2667      261.73
15.2965     265.337
15.3263     263.995
15.356     266.559
15.3858     266.842
15.4156     261.504
15.4454     261.884
15.4752     263.707
15.505     264.498
15.5348      265.23
15.5646     267.918
15.5944     268.546
15.6242     270.713
15.654     272.472
15.6838     276.948
15.7136     281.607
15.7434     282.497
15.7732     279.374
15.803     280.109
15.8327     281.178
15.8625     278.697
15.8923     280.933
15.9221     283.875
15.9519     285.159
15.9817     287.858
16.0115      287.96
16.0413     292.651
16.0711     284.269
16.1009     278.275
16.1307     278.326
16.1605     272.677
16.1903     275.348
16.2201     273.556
16.2499     268.944
16.2797      265.43
16.3094     265.556
16.3392     272.274
16.369     274.145
16.3988     271.827
16.4286     262.609
16.4584     262.383
16.4882     261.878
16.518     259.368
16.5478     255.093
16.5776     254.416
16.6074     255.442
16.6372     256.828
16.667     256.897
16.6968      252.76
16.7266     253.368
16.7564     255.113
16.7861     255.427
16.8159       255.7
16.8457     258.596
16.8755     253.006
16.9053     256.939
16.9351     258.647
16.9649     264.333
16.9947     267.945
17.0245     270.675
17.0543     272.107
17.0841     271.004
17.1139     274.577
17.1437     271.176
17.1735     277.327
17.2033     281.359
17.2331     284.245
17.2628     289.941
17.2926     291.119
17.3224     284.263
17.3522     281.237
17.382         280
17.4118     278.739
17.4416     274.602
17.4714     267.267
17.5012     260.767
17.531     249.619
17.5608      248.32
17.5906     242.278
17.6204     228.183
17.6502     218.866
17.68     207.378
17.7098     198.883
17.7396     191.024
17.7693     185.602
17.7991     180.521
17.8289     175.603
17.8587     170.418
17.8885     171.845
17.9183     164.115
17.9481      159.04
17.9779     151.205
18.0077     148.252
18.0375     144.291
18.0673     145.283
18.0971     137.382
18.1269      132.53
18.1567     145.075
18.1865     143.448
18.2163       143.6
18.246     141.687
18.2758     153.548
18.3056     137.143
18.3354     138.462
18.3652     116.596
18.395     134.444
18.4248      136.25
18.4546     127.143
18.4844         130
18.5142     123.636
18.544     97.1429
18.5738          76
18.6036     53.3333
18.6334     65.4545
18.6632     54.5455
18.693          40
18.7227        -nan
18.7525        -nan
18.7823        -nan
18.8121        -nan
18.8419        -nan
18.8717        -nan
18.9015        -nan
18.9313        -nan
18.9611        -nan
18.9909        -nan
19.0207        -nan
19.0505        -nan
19.0803        -nan
19.1101        -nan
19.1399        -nan
19.1697        -nan
19.1994        -nan
19.2292        -nan
19.259        -nan
19.2888        -nan
19.3186        -nan
19.3484        -nan
19.3782        -nan
19.408        -nan
19.4378        -nan
19.4676        -nan
19.4974        -nan
19.5272        -nan
19.557        -nan
19.5868        -nan
19.6166        -nan
19.6464        -nan
19.6761        -nan
19.7059        -nan
19.7357        -nan
19.7655        -nan
19.7953        -nan
19.8251        -nan
19.8549        -nan
19.8847        -nan
19.9145        -nan
19.9443        -nan
19.9741        -nan
20.0039        -nan
20.0337        -nan
20.0635        -nan
20.0933        -nan
20.1231        -nan
20.1528        -nan
20.1826        -nan
20.2124        -nan
20.2422        -nan
20.272        -nan
20.3018        -nan
20.3316        -nan
20.3614        -nan
20.3912        -nan
20.421        -nan
20.4508        -nan
20.4806        -nan
20.5104        -nan
20.5402        -nan
20.57        -nan
20.5998        -nan
20.6295        -nan
20.6593        -nan
20.6891        -nan
20.7189        -nan
20.7487        -nan
20.7785        -nan
