11.3054          -nan
11.3352          -nan
11.365          -nan
11.3947          -nan
11.4245          -nan
11.4543          -nan
11.4841          -nan
11.5139          -nan
11.5437          -nan
11.5735          -nan
11.6033          -nan
11.6331          -nan
11.6628          -nan
11.6926          -nan
11.7224          -nan
11.7522          -nan
11.782          -nan
11.8118          -nan
11.8416          -nan
11.8714          -nan
11.9012          -nan
11.9309          -nan
11.9607          -nan
11.9905          -nan
12.0203          -nan
12.0501          -nan
12.0799          -nan
12.1097          -nan
12.1395          -nan
12.1693          -nan
12.199          -nan
12.2288          -nan
12.2586          -nan
12.2884          -nan
12.3182          -nan
12.348          -nan
12.3778          -nan
12.4076          -nan
12.4374          -nan
12.4671          -nan
12.4969          -nan
12.5267          -nan
12.5565          -nan
12.5863          -nan
12.6161          -nan
12.6459          -nan
12.6757          -nan
12.7055          -nan
12.7352          -nan
12.765          -nan
12.7948          -nan
12.8246          -nan
12.8544          -nan
12.8842          -nan
12.914          -nan
12.9438          -nan
12.9736          -nan
13.0033          -nan
13.0331          -nan
13.0629          -nan
13.0927          -nan
13.1225          -nan
13.1523          -nan
13.1821          -nan
13.2119             0
13.2417             0
13.2714             0
13.3012             0
13.331             0
13.3608             0
13.3906             0
13.4204             0
13.4502             0
13.48             0
13.5098             0
13.5395             0
13.5693       13.8667
13.5991       11.3684
13.6289       9.14286
13.6587           7.5
13.6885       7.88732
13.7183       6.88372
13.7481       14.0377
13.7779        16.129
13.8076        17.415
13.8374       12.3352
13.8672       12.6792
13.897       18.9268
13.9268       21.7222
13.9566       21.8872
13.9864       20.8448
14.0162       18.9187
14.046       16.8582
14.0757       21.3245
14.1055       22.8538
14.1353       24.2715
14.1651       28.9882
14.1949       31.5062
14.2247       35.5019
14.2545       40.9628
14.2843       43.3887
14.3141       46.5708
14.3438       52.1424
14.3736       57.9321
14.4034       62.3942
14.4332       68.6609
14.463       73.0085
14.4928       80.1406
14.5226       84.6949
14.5524       87.3501
14.5822       94.2701
14.6119       104.289
14.6417       109.801
14.6715       118.114
14.7013       127.961
14.7311       134.408
14.7609       136.229
14.7907       146.333
14.8205       154.325
14.8502       155.238
14.88       158.646
14.9098       157.489
14.9396       153.348
14.9694       153.294
14.9992       146.148
15.029       145.034
15.0588       141.855
15.0886       138.057
15.1183       138.804
15.1481        136.42
15.1779       131.535
15.2077       133.559
15.2375       129.551
15.2673       125.945
15.2971       121.607
15.3269       119.433
15.3567       120.117
15.3864       119.865
15.4162       117.794
15.446        119.72
15.4758       118.893
15.5056       118.898
15.5354       121.195
15.5652        119.43
15.595       120.204
15.6248       119.933
15.6545       125.432
15.6843       132.482
15.7141       135.653
15.7439       135.143
15.7737       138.194
15.8035       139.501
15.8333       137.507
15.8631       132.954
15.8929       136.069
15.9226       138.291
15.9524       138.502
15.9822       140.646
16.012       139.486
16.0418         141.4
16.0716       138.634
16.1014       136.832
16.1312       133.871
16.161       129.616
16.1907       130.238
16.2205       128.853
16.2503       128.032
16.2801       126.507
16.3099       125.892
16.3397       128.273
16.3695       129.487
16.3993       124.678
16.4291       122.754
16.4588       122.534
16.4886       118.215
16.5184       121.659
16.5482       120.378
16.578       118.995
16.6078       117.873
16.6376       118.022
16.6674        116.85
16.6972       117.765
16.7269       120.576
16.7567       122.536
16.7865        124.44
16.8163       126.196
16.8461           128
16.8759       126.296
16.9057       124.473
16.9355        128.74
16.9653       134.452
16.995       137.074
17.0248       138.142
17.0546       133.359
17.0844       133.754
17.1142       138.151
17.144       138.962
17.1738       138.891
17.2036       141.371
17.2334       142.341
17.2631       142.883
17.2929       142.759
17.3227       142.283
17.3525       134.421
17.3823       134.366
17.4121       125.575
17.4419       119.679
17.4717       111.183
17.5015       102.806
17.5312       95.2106
17.561        90.672
17.5908        82.332
17.6206       74.1371
17.6504       66.9445
17.6802       60.6496
17.71       55.8147
17.7398        52.885
17.7696       48.0348
17.7993       43.1988
17.8291       40.8496
17.8589        39.597
17.8887       39.1827
17.9185       39.6244
17.9483       32.6632
17.9781       34.3368
18.0079       34.3129
18.0377       29.1274
18.0674       23.9101
18.0972       20.1108
18.127       16.7816
18.1568       15.4857
18.1866       16.0675
18.2164       16.5657
18.2462       18.4046
18.276       13.8286
18.3058       12.9655
18.3355       10.2642
18.3653       5.33333
18.3951       7.05882
18.4249       7.34426
18.4547       8.30769
18.4845       10.2564
18.5143             0
18.5441             0
18.5739             0
18.6036             0
18.6334             0
18.6632             0
18.693          -nan
18.7228          -nan
18.7526          -nan
18.7824          -nan
18.8122          -nan
18.842          -nan
18.8717          -nan
18.9015          -nan
18.9313          -nan
18.9611          -nan
18.9909          -nan
19.0207          -nan
19.0505          -nan
19.0803          -nan
19.1101          -nan
19.1398          -nan
19.1696          -nan
19.1994          -nan
19.2292          -nan
19.259          -nan
19.2888          -nan
19.3186          -nan
19.3484          -nan
19.3781          -nan
19.4079          -nan
19.4377          -nan
19.4675          -nan
19.4973          -nan
19.5271          -nan
19.5569          -nan
19.5867          -nan
19.6165          -nan
19.6462          -nan
19.676          -nan
19.7058          -nan
19.7356          -nan
19.7654          -nan
19.7952          -nan
19.825          -nan
19.8548          -nan
19.8846          -nan
19.9143          -nan
19.9441          -nan
19.9739          -nan
20.0037          -nan
20.0335          -nan
20.0633          -nan
20.0931          -nan
20.1229          -nan
20.1527          -nan
20.1824          -nan
20.2122          -nan
20.242          -nan
20.2718          -nan
20.3016          -nan
20.3314          -nan
20.3612          -nan
20.391          -nan
20.4208          -nan
20.4505          -nan
20.4803          -nan
20.5101          -nan
20.5399          -nan
20.5697          -nan
20.5995          -nan
20.6293          -nan
20.6591          -nan
20.6889          -nan
20.7186          -nan
20.7484          -nan
20.7782          -nan
