11.3041          -nan
11.3339          -nan
11.3637          -nan
11.3935          -nan
11.4233          -nan
11.4531          -nan
11.4829          -nan
11.5126          -nan
11.5424          -nan
11.5722          -nan
11.602          -nan
11.6318          -nan
11.6616          -nan
11.6914          -nan
11.7212          -nan
11.751          -nan
11.7808          -nan
11.8106          -nan
11.8404          -nan
11.8702          -nan
11.9          -nan
11.9298          -nan
11.9596          -nan
11.9893          -nan
12.0191          -nan
12.0489          -nan
12.0787          -nan
12.1085          -nan
12.1383          -nan
12.1681          -nan
12.1979          -nan
12.2277          -nan
12.2575          -nan
12.2873          -nan
12.3171          -nan
12.3469          -nan
12.3767          -nan
12.4065          -nan
12.4363          -nan
12.466          -nan
12.4958          -nan
12.5256          -nan
12.5554          -nan
12.5852          -nan
12.615          -nan
12.6448          -nan
12.6746          -nan
12.7044          -nan
12.7342          -nan
12.764          -nan
12.7938          -nan
12.8236          -nan
12.8534          -nan
12.8832          -nan
12.913          -nan
12.9427          -nan
12.9725          -nan
13.0023          -nan
13.0321          -nan
13.0619          -nan
13.0917          -nan
13.1215          -nan
13.1513          -nan
13.1811          -nan
13.2109             0
13.2407             0
13.2705             0
13.3003             0
13.3301             0
13.3599             0
13.3897             0
13.4194             0
13.4492             0
13.479             0
13.5088             0
13.5386             0
13.5684             0
13.5982       7.29825
13.628       6.89231
13.6578       5.39326
13.6876       5.18095
13.7174          12.8
13.7472          15.8
13.777       13.7617
13.8068       16.5022
13.8366       18.1333
13.8664       17.1779
13.8961       19.8649
13.9259       22.6817
13.9557       23.3071
13.9855       23.5372
14.0153       22.4505
14.0451       25.0886
14.0749       28.6637
14.1047       29.5189
14.1345       28.8862
14.1643       32.3544
14.1941       34.0056
14.2239       37.6304
14.2537       40.3397
14.2835       41.5966
14.3133       45.6848
14.3431       51.6535
14.3728        57.961
14.4026       63.1299
14.4324       68.8444
14.4622       71.9972
14.492       81.4876
14.5218       82.2022
14.5516       90.0194
14.5814       98.4116
14.6112       105.837
14.641       109.927
14.6708       118.257
14.7006       128.519
14.7304       133.748
14.7602       134.625
14.79       144.656
14.8198       151.595
14.8496       151.385
14.8793       153.716
14.9091       150.354
14.9389       147.877
14.9687       144.769
14.9985       144.167
15.0283       143.208
15.0581       137.504
15.0879       134.508
15.1177       134.905
15.1475       133.198
15.1773       131.146
15.2071       131.104
15.2369       128.722
15.2667        127.35
15.2965       123.339
15.3263       121.837
15.356       121.629
15.3858       119.994
15.4156       116.306
15.4454       116.374
15.4752       116.281
15.505       115.563
15.5348       118.671
15.5646       118.113
15.5944       119.184
15.6242       120.826
15.654       124.608
15.6838       131.924
15.7136       131.927
15.7434       130.115
15.7732       132.365
15.803       132.888
15.8327       131.559
15.8625       131.851
15.8923       133.705
15.9221       134.677
15.9519       136.394
15.9817       139.473
16.0115       136.181
16.0413       136.279
16.0711       135.543
16.1009       135.686
16.1307       131.875
16.1605       131.177
16.1903       130.665
16.2201       129.994
16.2499        130.64
16.2797       130.777
16.3094       128.835
16.3392       129.642
16.369       130.231
16.3988       126.422
16.4286        124.93
16.4584       121.788
16.4882       120.648
16.518       123.028
16.5478       122.009
16.5776       119.856
16.6074       118.818
16.6372       117.936
16.667       115.937
16.6968        115.47
16.7266       116.947
16.7564       118.538
16.7861        120.25
16.8159       123.875
16.8457        127.79
16.8755       127.443
16.9053       127.569
16.9351       132.226
16.9649        136.16
16.9947       136.637
17.0245       139.739
17.0543       138.655
17.0841       140.946
17.1139       143.897
17.1437       144.581
17.1735       146.227
17.2033       146.343
17.2331       146.566
17.2628       147.958
17.2926       144.519
17.3224       142.637
17.3522       135.172
17.382       131.831
17.4118       124.599
17.4416       116.564
17.4714       108.126
17.5012       99.2276
17.531       89.7097
17.5608       82.8186
17.5906       75.6904
17.6204       68.8905
17.6502       60.5256
17.68       54.5237
17.7098       50.8603
17.7396       45.9982
17.7693       42.9165
17.7991       38.8282
17.8289       36.4599
17.8587       36.1677
17.8885       35.8345
17.9183       33.9629
17.9481       29.3647
17.9779       29.8733
18.0077       30.3943
18.0375       26.6014
18.0673       23.0123
18.0971       18.0654
18.1269       17.2258
18.1567        14.361
18.1865       14.0465
18.2163       14.8732
18.246       14.6506
18.2758       10.1961
18.3056       9.83133
18.3354       10.9714
18.3652       4.10256
18.395        5.5814
18.4248           6.4
18.4546       7.84906
18.4844             0
18.5142             0
18.544             0
18.5738             0
18.6036             0
18.6334             0
18.6632             0
18.693          -nan
18.7227          -nan
18.7525          -nan
18.7823          -nan
18.8121          -nan
18.8419          -nan
18.8717          -nan
18.9015          -nan
18.9313          -nan
18.9611          -nan
18.9909          -nan
19.0207          -nan
19.0505          -nan
19.0803          -nan
19.1101          -nan
19.1399          -nan
19.1697          -nan
19.1994          -nan
19.2292          -nan
19.259          -nan
19.2888          -nan
19.3186          -nan
19.3484          -nan
19.3782          -nan
19.408          -nan
19.4378          -nan
19.4676          -nan
19.4974          -nan
19.5272          -nan
19.557          -nan
19.5868          -nan
19.6166          -nan
19.6464          -nan
19.6761          -nan
19.7059          -nan
19.7357          -nan
19.7655          -nan
19.7953          -nan
19.8251          -nan
19.8549          -nan
19.8847          -nan
19.9145          -nan
19.9443          -nan
19.9741          -nan
20.0039          -nan
20.0337          -nan
20.0635          -nan
20.0933          -nan
20.1231          -nan
20.1528          -nan
20.1826          -nan
20.2124          -nan
20.2422          -nan
20.272          -nan
20.3018          -nan
20.3316          -nan
20.3614          -nan
20.3912          -nan
20.421          -nan
20.4508          -nan
20.4806          -nan
20.5104          -nan
20.5402          -nan
20.57          -nan
20.5998          -nan
20.6295          -nan
20.6593          -nan
20.6891          -nan
20.7189          -nan
20.7487          -nan
20.7785          -nan
