11.3041        -nan
11.3339        -nan
11.3637        -nan
11.3935        -nan
11.4233        -nan
11.4531        -nan
11.4829        -nan
11.5126        -nan
11.5424        -nan
11.5722        -nan
11.602        -nan
11.6318        -nan
11.6616        -nan
11.6914        -nan
11.7212        -nan
11.751        -nan
11.7808        -nan
11.8106        -nan
11.8404        -nan
11.8702        -nan
11.9        -nan
11.9298        -nan
11.9596        -nan
11.9893        -nan
12.0191        -nan
12.0489        -nan
12.0787        -nan
12.1085        -nan
12.1383        -nan
12.1681        -nan
12.1979        -nan
12.2277        -nan
12.2575        -nan
12.2873        -nan
12.3171        -nan
12.3469        -nan
12.3767        -nan
12.4065        -nan
12.4363        -nan
12.466        -nan
12.4958        -nan
12.5256        -nan
12.5554        -nan
12.5852        -nan
12.615        -nan
12.6448        -nan
12.6746        -nan
12.7044        -nan
12.7342        -nan
12.764        -nan
12.7938        -nan
12.8236        -nan
12.8534        -nan
12.8832        -nan
12.913        -nan
12.9427        -nan
12.9725        -nan
13.0023        -nan
13.0321        -nan
13.0619        -nan
13.0917        -nan
13.1215        -nan
13.1513        -nan
13.1811        -nan
13.2109          32
13.2407          32
13.2705          64
13.3003          96
13.3301     82.2857
13.3599     100.571
13.3897     88.8889
13.4194     106.667
13.4492     90.6667
13.479        83.2
13.5088     72.8889
13.5386     83.8095
13.5684       102.4
13.5982     93.2571
13.628     97.4222
13.6578     97.1228
13.6876     99.7101
13.7174     101.398
13.7472      106.02
13.777      106.25
13.8068     113.026
13.8366     112.083
13.8664     111.448
13.8961     120.381
13.9259     124.331
13.9557     124.397
13.9855     126.881
14.0153     130.693
14.0451     131.804
14.0749     139.077
14.1047     142.261
14.1345     145.479
14.1643     148.182
14.1941     152.374
14.2239     156.214
14.2537     163.145
14.2835     168.035
14.3133     171.634
14.3431     179.121
14.3728     185.681
14.4026      187.64
14.4324     191.544
14.4622     197.395
14.492     199.582
14.5218     209.211
14.5516     211.127
14.5814     216.616
14.6112     220.922
14.641     225.385
14.6708     230.692
14.7006     236.453
14.7304     238.488
14.7602     243.668
14.79     248.661
14.8198     249.103
14.8496     250.918
14.8793     249.151
14.9091     249.402
14.9389     247.772
14.9687     246.816
14.9985     244.449
15.0283     242.558
15.0581     239.808
15.0879     239.938
15.1177     236.966
15.1475     234.677
15.1773     236.148
15.2071     233.213
15.2369     231.193
15.2667      230.04
15.2965     228.443
15.3263     227.873
15.356      228.09
15.3858      226.67
15.4156     226.186
15.4454     225.232
15.4752     225.271
15.505     227.126
15.5348     229.187
15.5646     231.453
15.5944     230.588
15.6242     231.111
15.654     233.388
15.6838     235.061
15.7136     237.305
15.7434     240.967
15.7732     241.832
15.803     240.513
15.8327     239.479
15.8625     240.994
15.8923     242.417
15.9221     241.694
15.9519     242.396
15.9817     242.761
16.0115     243.337
16.0413     241.926
16.0711     244.648
16.1009      241.13
16.1307     233.911
16.1605     233.419
16.1903     232.375
16.2201     231.197
16.2499     231.815
16.2797     234.925
16.3094      233.82
16.3392     234.018
16.369     234.455
16.3988     234.291
16.4286     232.919
16.4584     231.907
16.4882     232.238
16.518     230.729
16.5478     230.372
16.5776     227.586
16.6074     228.649
16.6372     229.408
16.667      226.93
16.6968     227.923
16.7266     226.914
16.7564     230.606
16.7861     232.209
16.8159     231.182
16.8457      231.19
16.8755     231.422
16.9053     233.704
16.9351     234.724
16.9649     237.877
16.9947     240.466
17.0245     239.474
17.0543     239.677
17.0841     241.293
17.1139     242.785
17.1437     244.359
17.1735      245.15
17.2033     245.936
17.2331     247.335
17.2628     245.884
17.2926     247.528
17.3224      243.56
17.3522     243.424
17.382      242.69
17.4118     239.413
17.4416     234.293
17.4714     228.336
17.5012     221.992
17.531     218.972
17.5608     212.062
17.5906     205.284
17.6204      197.48
17.6502     190.278
17.68     183.608
17.7098     179.884
17.7396     174.641
17.7693     167.491
17.7991     163.227
17.8289     160.402
17.8587      155.12
17.8885     152.353
17.9183     146.381
17.9481     142.645
17.9779     139.128
18.0077      135.27
18.0375     131.955
18.0673       125.4
18.0971     120.645
18.1269     122.557
18.1567     124.686
18.1865     124.661
18.2163         124
18.246     117.073
18.2758     117.985
18.3056     107.107
18.3354     100.436
18.3652     101.474
18.395     97.0667
18.4248        92.8
18.4546     93.2571
18.4844       97.28
18.5142     83.4783
18.544        68.8
18.5738        57.6
18.6036          50
18.6334     50.6667
18.6632          32
18.693        -nan
18.7227        -nan
18.7525        -nan
18.7823        -nan
18.8121        -nan
18.8419        -nan
18.8717        -nan
18.9015        -nan
18.9313        -nan
18.9611        -nan
18.9909        -nan
19.0207        -nan
19.0505        -nan
19.0803        -nan
19.1101        -nan
19.1399        -nan
19.1697        -nan
19.1994        -nan
19.2292        -nan
19.259        -nan
19.2888        -nan
19.3186        -nan
19.3484        -nan
19.3782        -nan
19.408        -nan
19.4378        -nan
19.4676        -nan
19.4974        -nan
19.5272        -nan
19.557        -nan
19.5868        -nan
19.6166        -nan
19.6464        -nan
19.6761        -nan
19.7059        -nan
19.7357        -nan
19.7655        -nan
19.7953        -nan
19.8251        -nan
19.8549        -nan
19.8847        -nan
19.9145        -nan
19.9443        -nan
19.9741        -nan
20.0039        -nan
20.0337        -nan
20.0635        -nan
20.0933        -nan
20.1231        -nan
20.1528        -nan
20.1826        -nan
20.2124        -nan
20.2422        -nan
20.272        -nan
20.3018        -nan
20.3316        -nan
20.3614        -nan
20.3912        -nan
20.421        -nan
20.4508        -nan
20.4806        -nan
20.5104        -nan
20.5402        -nan
20.57        -nan
20.5998        -nan
20.6295        -nan
20.6593        -nan
20.6891        -nan
20.7189        -nan
20.7487        -nan
20.7785        -nan
