11.3054        -nan
11.3352        -nan
11.365        -nan
11.3947        -nan
11.4245        -nan
11.4543        -nan
11.4841        -nan
11.5139        -nan
11.5437        -nan
11.5735        -nan
11.6033        -nan
11.6331        -nan
11.6628        -nan
11.6926        -nan
11.7224        -nan
11.7522        -nan
11.782        -nan
11.8118        -nan
11.8416        -nan
11.8714        -nan
11.9012        -nan
11.9309        -nan
11.9607        -nan
11.9905        -nan
12.0203        -nan
12.0501        -nan
12.0799        -nan
12.1097        -nan
12.1395        -nan
12.1693        -nan
12.199        -nan
12.2288        -nan
12.2586        -nan
12.2884        -nan
12.3182        -nan
12.348        -nan
12.3778        -nan
12.4076        -nan
12.4374        -nan
12.4671        -nan
12.4969        -nan
12.5267        -nan
12.5565        -nan
12.5863        -nan
12.6161        -nan
12.6459        -nan
12.6757        -nan
12.7055        -nan
12.7352        -nan
12.765        -nan
12.7948        -nan
12.8246        -nan
12.8544        -nan
12.8842        -nan
12.914        -nan
12.9438        -nan
12.9736        -nan
13.0033        -nan
13.0331        -nan
13.0629        -nan
13.0927        -nan
13.1225        -nan
13.1523        -nan
13.1821        -nan
13.2119          48
13.2417          80
13.2714          80
13.3012     82.6667
13.331     109.333
13.3608         112
13.3906         120
13.4204        89.6
13.4502     75.0769
13.48     74.3529
13.5098     87.5789
13.5395          88
13.5693        91.2
13.5991     98.5263
13.6289     96.9796
13.6587       90.25
13.6885     98.9296
13.7183     103.628
13.7481     106.415
13.7779     111.742
13.8076      116.68
13.8374     113.788
13.8672     118.491
13.897     123.252
13.9268       124.5
13.9566     124.819
13.9864      128.57
14.0162     128.246
14.046     132.261
14.0757     135.933
14.1055     142.251
14.1353     146.193
14.1651     153.355
14.1949     156.181
14.2247      165.57
14.2545     174.952
14.2843     180.226
14.3141     183.885
14.3438      189.13
14.3736     192.031
14.4034     199.874
14.4332     207.982
14.463      211.88
14.4928     223.719
14.5226     225.448
14.5524     230.596
14.5822     237.552
14.6119     244.972
14.6417     252.106
14.6715     259.421
14.7013     267.438
14.7311     274.446
14.7609     275.564
14.7907     283.524
14.8205     287.349
14.8502     285.955
14.88     288.486
14.9098     288.595
14.9396      286.89
14.9694     286.293
14.9992     281.828
15.029     279.587
15.0588     276.081
15.0886     271.694
15.1183     270.753
15.1481     267.978
15.1779     262.963
15.2077     263.959
15.2375      261.56
15.2673     257.202
15.2971     254.262
15.3269     253.029
15.3567     254.488
15.3864     255.111
15.4162     252.999
15.446     253.621
15.4758     252.155
15.5056     252.253
15.5354     255.483
15.5652      256.72
15.595     255.541
15.6248     255.167
15.6545     259.789
15.6843      265.94
15.7141     269.454
15.7439     266.743
15.7737     271.076
15.8035     271.425
15.8333     269.701
15.8631     267.553
15.8929     269.952
15.9226     272.529
15.9524     272.786
15.9822     273.007
16.012     274.104
16.0418     274.974
16.0716     272.532
16.1014     270.156
16.1312     268.296
16.161     263.952
16.1907     263.762
16.2205     260.394
16.2503     261.058
16.2801     257.767
16.3099     259.404
16.3397      261.43
16.3695     262.419
16.3993     260.559
16.4291     259.292
16.4588      258.61
16.4886     255.035
16.5184     257.341
16.5482     255.132
16.578     254.016
16.6078     252.993
16.6376     253.585
16.6674     254.365
16.6972     254.818
16.7269     257.048
16.7567     256.878
16.7865     259.353
16.8163     259.277
16.8461     259.378
16.8759     257.514
16.9057     257.408
16.9355     261.805
16.9653     267.259
16.995      268.69
17.0248     271.395
17.0546     268.082
17.0844     268.434
17.1142     271.693
17.144     274.002
17.1738     272.916
17.2036     275.134
17.2334     276.583
17.2631     278.185
17.2929     276.778
17.3227     275.811
17.3525     271.226
17.3823     270.417
17.4121     265.332
17.4419     259.566
17.4717     255.056
17.5015      246.95
17.5312     241.243
17.561     235.905
17.5908     228.133
17.6206     218.742
17.6504     209.287
17.6802     202.203
17.71     193.763
17.7398     188.686
17.7696     182.106
17.7993      173.76
17.8291     169.747
17.8589     164.836
17.8887     158.481
17.9185     158.329
17.9483     151.067
17.9781      147.41
18.0079     144.027
18.0377     138.656
18.0674     138.499
18.0972     132.877
18.127     128.552
18.1568     131.771
18.1866     130.295
18.2164     129.051
18.2462     122.266
18.276     121.714
18.3058     120.966
18.3355     109.585
18.3653     102.578
18.3951     102.588
18.4249     102.295
18.4547     97.5385
18.4845     107.897
18.5143       104.5
18.5441     79.4667
18.5739          73
18.6036        51.5
18.6334     58.6667
18.6632     36.9231
18.693        -nan
18.7228        -nan
18.7526        -nan
18.7824        -nan
18.8122        -nan
18.842        -nan
18.8717        -nan
18.9015        -nan
18.9313        -nan
18.9611        -nan
18.9909        -nan
19.0207        -nan
19.0505        -nan
19.0803        -nan
19.1101        -nan
19.1398        -nan
19.1696        -nan
19.1994        -nan
19.2292        -nan
19.259        -nan
19.2888        -nan
19.3186        -nan
19.3484        -nan
19.3781        -nan
19.4079        -nan
19.4377        -nan
19.4675        -nan
19.4973        -nan
19.5271        -nan
19.5569        -nan
19.5867        -nan
19.6165        -nan
19.6462        -nan
19.676        -nan
19.7058        -nan
19.7356        -nan
19.7654        -nan
19.7952        -nan
19.825        -nan
19.8548        -nan
19.8846        -nan
19.9143        -nan
19.9441        -nan
19.9739        -nan
20.0037        -nan
20.0335        -nan
20.0633        -nan
20.0931        -nan
20.1229        -nan
20.1527        -nan
20.1824        -nan
20.2122        -nan
20.242        -nan
20.2718        -nan
20.3016        -nan
20.3314        -nan
20.3612        -nan
20.391        -nan
20.4208        -nan
20.4505        -nan
20.4803        -nan
20.5101        -nan
20.5399        -nan
20.5697        -nan
20.5995        -nan
20.6293        -nan
20.6591        -nan
20.6889        -nan
20.7186        -nan
20.7484        -nan
20.7782        -nan
