11.3041        -nan
11.3339        -nan
11.3637        -nan
11.3935        -nan
11.4233        -nan
11.4531        -nan
11.4829        -nan
11.5126        -nan
11.5424        -nan
11.5722        -nan
11.602        -nan
11.6318        -nan
11.6616        -nan
11.6914        -nan
11.7212        -nan
11.751        -nan
11.7808        -nan
11.8106        -nan
11.8404        -nan
11.8702        -nan
11.9        -nan
11.9298        -nan
11.9596        -nan
11.9893        -nan
12.0191        -nan
12.0489        -nan
12.0787        -nan
12.1085        -nan
12.1383        -nan
12.1681        -nan
12.1979        -nan
12.2277        -nan
12.2575        -nan
12.2873        -nan
12.3171        -nan
12.3469        -nan
12.3767        -nan
12.4065        -nan
12.4363        -nan
12.466        -nan
12.4958        -nan
12.5256        -nan
12.5554        -nan
12.5852        -nan
12.615        -nan
12.6448        -nan
12.6746        -nan
12.7044        -nan
12.7342        -nan
12.764        -nan
12.7938        -nan
12.8236        -nan
12.8534        -nan
12.8832        -nan
12.913        -nan
12.9427        -nan
12.9725        -nan
13.0023        -nan
13.0321        -nan
13.0619        -nan
13.0917        -nan
13.1215        -nan
13.1513        -nan
13.1811        -nan
13.2109          32
13.2407          64
13.2705          96
13.3003          64
13.3301          80
13.3599     76.3077
13.3897     83.6923
13.4194     100.571
13.4492     74.6667
13.479     79.3043
13.5088     78.4516
13.5386          96
13.5684     103.024
13.5982     102.175
13.628     105.846
13.6578     93.4831
13.6876     98.7429
13.7174     106.752
13.7472       105.2
13.777     112.249
13.8068      118.96
13.8366     120.533
13.8664     122.798
13.8961     126.255
13.9259     128.795
13.9557     130.142
13.9855      130.75
14.0153     132.545
14.0451     138.707
14.0749     146.117
14.1047     150.012
14.1345     153.522
14.1643     159.139
14.1941     162.794
14.2239     166.359
14.2537      172.64
14.2835     176.258
14.3133     183.041
14.3431     190.029
14.3728     192.896
14.4026     200.509
14.4324     208.955
14.4622     212.314
14.492     225.609
14.5218     228.091
14.5516     234.416
14.5814     241.976
14.6112     248.061
14.641      252.74
14.6708     261.357
14.7006     267.739
14.7304     274.499
14.7602     274.485
14.79     281.171
14.8198     285.881
14.8496     283.183
14.8793     285.682
14.9091     283.262
14.9389     281.971
14.9687     279.337
14.9985     276.795
15.0283     275.041
15.0581     270.263
15.0879     267.915
15.1177     267.369
15.1475     264.094
15.1773     261.986
15.2071     262.118
15.2369     261.469
15.2667     258.829
15.2965     257.343
15.3263      256.73
15.356     255.432
15.3858     254.998
15.4156     252.873
15.4454     251.276
15.4752     251.059
15.505     251.399
15.5348     253.947
15.5646     254.237
15.5944      255.76
15.6242     256.127
15.654     259.426
15.6838     264.728
15.7136     266.322
15.7434     263.766
15.7732     268.004
15.803      268.63
15.8327     266.489
15.8625     266.103
15.8923     268.763
15.9221      269.87
15.9519     270.073
15.9817     271.935
16.0115     270.229
16.0413      270.24
16.0711     268.662
16.1009     268.619
16.1307     265.528
16.1605     264.916
16.1903     264.326
16.2201     262.474
16.2499     264.004
16.2797     262.397
16.3094     262.063
16.3392     263.885
16.369     263.605
16.3988      262.39
16.4286     261.155
16.4584     259.511
16.4882     257.401
16.518     258.923
16.5478      257.36
16.5776     254.797
16.6074     254.084
16.6372     253.364
16.667     252.664
16.6968     253.279
16.7266     254.006
16.7564     254.789
16.7861     256.406
16.8159     257.656
16.8457     259.951
16.8755     258.647
16.9053     259.899
16.9351     264.035
16.9649     267.545
16.9947     269.588
17.0245     273.548
17.0543     272.534
17.0841     273.055
17.1139     276.987
17.1437     277.283
17.1735     277.952
17.2033     279.098
17.2331     280.765
17.2628     282.728
17.2926     278.987
17.3224     275.931
17.3522     272.728
17.382     270.629
17.4118     264.586
17.4416     257.126
17.4714     251.749
17.5012      242.48
17.531     234.284
17.5608      228.38
17.5906     223.362
17.6204     214.918
17.6502     204.807
17.68     198.466
17.7098      191.81
17.7396     184.907
17.7693     178.382
17.7991     171.043
17.8289     167.359
17.8587     162.114
17.8885     157.147
17.9183     153.337
17.9481     147.779
17.9779      142.82
18.0077      139.47
18.0375      135.14
18.0673     133.827
18.0971     127.835
18.1269     123.871
18.1567     123.863
18.1865     122.791
18.2163     120.789
18.246     111.679
18.2758     109.961
18.3056     105.831
18.3354     101.943
18.3652     94.0855
18.395     91.1628
18.4248     88.2286
18.4546      90.566
18.4844     90.9474
18.5142        89.6
18.544     76.3077
18.5738     72.7273
18.6036          48
18.6334          48
18.6632     52.3636
18.693        -nan
18.7227        -nan
18.7525        -nan
18.7823        -nan
18.8121        -nan
18.8419        -nan
18.8717        -nan
18.9015        -nan
18.9313        -nan
18.9611        -nan
18.9909        -nan
19.0207        -nan
19.0505        -nan
19.0803        -nan
19.1101        -nan
19.1399        -nan
19.1697        -nan
19.1994        -nan
19.2292        -nan
19.259        -nan
19.2888        -nan
19.3186        -nan
19.3484        -nan
19.3782        -nan
19.408        -nan
19.4378        -nan
19.4676        -nan
19.4974        -nan
19.5272        -nan
19.557        -nan
19.5868        -nan
19.6166        -nan
19.6464        -nan
19.6761        -nan
19.7059        -nan
19.7357        -nan
19.7655        -nan
19.7953        -nan
19.8251        -nan
19.8549        -nan
19.8847        -nan
19.9145        -nan
19.9443        -nan
19.9741        -nan
20.0039        -nan
20.0337        -nan
20.0635        -nan
20.0933        -nan
20.1231        -nan
20.1528        -nan
20.1826        -nan
20.2124        -nan
20.2422        -nan
20.272        -nan
20.3018        -nan
20.3316        -nan
20.3614        -nan
20.3912        -nan
20.421        -nan
20.4508        -nan
20.4806        -nan
20.5104        -nan
20.5402        -nan
20.57        -nan
20.5998        -nan
20.6295        -nan
20.6593        -nan
20.6891        -nan
20.7189        -nan
20.7487        -nan
20.7785        -nan
