11.3038        -nan
11.3336        -nan
11.3634        -nan
11.3932        -nan
11.423        -nan
11.4528        -nan
11.4826        -nan
11.5124        -nan
11.5422        -nan
11.572        -nan
11.6018        -nan
11.6316        -nan
11.6614        -nan
11.6912        -nan
11.721        -nan
11.7508        -nan
11.7806        -nan
11.8104        -nan
11.8402        -nan
11.87        -nan
11.8998        -nan
11.9296        -nan
11.9594        -nan
11.9892        -nan
12.019        -nan
12.0488        -nan
12.0786        -nan
12.1083        -nan
12.1381        -nan
12.1679        -nan
12.1977        -nan
12.2275        -nan
12.2573        -nan
12.2871        -nan
12.3169        -nan
12.3467        -nan
12.3765        -nan
12.4063        -nan
12.4361        -nan
12.4659        -nan
12.4957        -nan
12.5255        -nan
12.5553        -nan
12.5851        -nan
12.6149        -nan
12.6447        -nan
12.6745        -nan
12.7043        -nan
12.7341        -nan
12.7639        -nan
12.7937        -nan
12.8235        -nan
12.8533        -nan
12.8831        -nan
12.9129        -nan
12.9427        -nan
12.9725        -nan
13.0022        -nan
13.032        -nan
13.0618        -nan
13.0916          32
13.1214          32
13.1512          32
13.181     34.2857
13.2108     35.5556
13.2406     49.0667
13.2704     66.1333
13.3002     79.5152
13.33     94.2703
13.3598     85.3333
13.3896     101.333
13.4194     104.615
13.4492     96.4571
13.479     100.741
13.5088     97.3793
13.5386      102.31
13.5684     101.043
13.5982     103.513
13.628     108.196
13.6578     117.884
13.6876     119.151
13.7174     118.989
13.7472     121.248
13.777     128.294
13.8068     131.279
13.8366     132.462
13.8664     135.969
13.8961     140.791
13.9259     145.937
13.9557      150.19
13.9855     154.897
14.0153     159.784
14.0451     164.847
14.0749     170.115
14.1047     177.007
14.1345     182.998
14.1643     190.769
14.1941     197.998
14.2239      207.28
14.2537     213.849
14.2835     222.983
14.3133     229.247
14.3431     237.694
14.3729     244.568
14.4027     252.349
14.4325     261.473
14.4623     271.338
14.4921     281.071
14.5219     291.279
14.5517     303.168
14.5815     311.419
14.6113     319.584
14.6411     325.092
14.6709     332.383
14.7007     338.006
14.7305     343.253
14.7603     344.014
14.79     346.619
14.8198     345.947
14.8496     343.443
14.8794     341.139
14.9092     335.414
14.939     327.219
14.9688     318.685
14.9986     310.691
15.0284     305.207
15.0582     298.024
15.088     292.605
15.1178     284.552
15.1476     280.216
15.1774     273.257
15.2072     269.284
15.237     265.255
15.2668     261.681
15.2966     259.643
15.3264     257.547
15.3562     256.761
15.386      255.54
15.4158     253.937
15.4456     251.383
15.4754     251.445
15.5052     250.557
15.535     250.711
15.5648     251.756
15.5946     253.623
15.6244     252.846
15.6542     255.545
15.6839     258.317
15.7137     259.612
15.7435      259.73
15.7733     261.877
15.8031     261.526
15.8329     262.188
15.8627     263.673
15.8925     266.325
15.9223     266.112
15.9521     267.048
15.9819     268.072
16.0117     268.522
16.0415     269.984
16.0713     267.334
16.1011     266.071
16.1309     265.191
16.1607     264.192
16.1905     264.229
16.2203     264.662
16.2501     265.041
16.2799     263.276
16.3097     264.155
16.3395     263.764
16.3693     262.652
16.3991     260.105
16.4289      256.86
16.4587     255.631
16.4885     254.785
16.5183     254.427
16.5481     252.959
16.5778     250.696
16.6076     250.154
16.6374     248.552
16.6672     246.641
16.697     247.164
16.7268     248.548
16.7566     250.166
16.7864     251.861
16.8162     254.293
16.846     256.667
16.8758     260.268
16.9056     263.862
16.9354     268.714
16.9652     275.065
16.995     281.376
17.0248     288.017
17.0546      294.85
17.0844      300.62
17.1142     307.079
17.144      313.14
17.1738     319.866
17.2036     326.571
17.2334     334.623
17.2632     340.655
17.293     341.356
17.3228     343.271
17.3526      343.01
17.3824      343.26
17.4122     340.814
17.442     336.903
17.4717     330.926
17.5015     320.289
17.5313     309.048
17.5611     298.677
17.5909     289.049
17.6207     278.242
17.6505     267.507
17.6803     258.245
17.7101     247.278
17.7399     239.012
17.7697     228.195
17.7995     219.912
17.8293      210.63
17.8591     204.015
17.8889     195.158
17.9187     188.833
17.9485     180.692
17.9783     173.511
18.0081     169.599
18.0379     163.449
18.0677      159.37
18.0975     153.267
18.1273     148.039
18.1571     141.556
18.1869      137.82
18.2167     133.051
18.2465     129.236
18.2763     123.112
18.3061     118.206
18.3359      112.85
18.3656      106.34
18.3954     102.186
18.4252     98.6276
18.455     92.8722
18.4848      87.301
18.5146     82.6988
18.5444     74.5846
18.5742     70.8785
18.604     69.9259
18.6338     60.9032
18.6636       52.48
18.6934        51.2
18.7232     38.1935
18.753     40.6154
18.7828          32
18.8126          32
18.8424        -nan
18.8722        -nan
18.902        -nan
18.9318        -nan
18.9616        -nan
18.9914        -nan
19.0212        -nan
19.051        -nan
19.0808        -nan
19.1106        -nan
19.1404        -nan
19.1702        -nan
19.2        -nan
19.2298        -nan
19.2595        -nan
19.2893        -nan
19.3191        -nan
19.3489        -nan
19.3787        -nan
19.4085        -nan
19.4383        -nan
19.4681        -nan
19.4979        -nan
19.5277        -nan
19.5575        -nan
19.5873        -nan
19.6171        -nan
19.6469        -nan
19.6767        -nan
19.7065        -nan
19.7363        -nan
19.7661        -nan
19.7959        -nan
19.8257        -nan
19.8555        -nan
19.8853        -nan
19.9151        -nan
19.9449        -nan
19.9747        -nan
20.0045        -nan
20.0343        -nan
20.0641        -nan
20.0939        -nan
20.1237        -nan
20.1534        -nan
20.1832        -nan
20.213        -nan
20.2428        -nan
20.2726        -nan
20.3024        -nan
20.3322        -nan
20.362        -nan
20.3918        -nan
20.4216        -nan
20.4514        -nan
20.4812        -nan
20.511        -nan
20.5408        -nan
20.5706        -nan
20.6004        -nan
20.6302        -nan
20.66        -nan
20.6898        -nan
20.7196        -nan
20.7494        -nan
20.7792        -nan
