11.3038          -nan
11.3336          -nan
11.3634          -nan
11.3932          -nan
11.423          -nan
11.4528          -nan
11.4826          -nan
11.5124          -nan
11.5422          -nan
11.572          -nan
11.6018          -nan
11.6316          -nan
11.6614          -nan
11.6912          -nan
11.721          -nan
11.7508          -nan
11.7806          -nan
11.8104          -nan
11.8402          -nan
11.87          -nan
11.8998          -nan
11.9296          -nan
11.9594          -nan
11.9892          -nan
12.019          -nan
12.0488          -nan
12.0786          -nan
12.1083          -nan
12.1381          -nan
12.1679          -nan
12.1977          -nan
12.2275          -nan
12.2573          -nan
12.2871          -nan
12.3169          -nan
12.3467          -nan
12.3765          -nan
12.4063          -nan
12.4361          -nan
12.4659          -nan
12.4957          -nan
12.5255          -nan
12.5553          -nan
12.5851          -nan
12.6149          -nan
12.6447          -nan
12.6745          -nan
12.7043          -nan
12.7341          -nan
12.7639          -nan
12.7937          -nan
12.8235          -nan
12.8533          -nan
12.8831          -nan
12.9129          -nan
12.9427          -nan
12.9725          -nan
13.0022          -nan
13.032          -nan
13.0618          -nan
13.0916             0
13.1214             0
13.1512             0
13.181             0
13.2108             0
13.2406             0
13.2704             0
13.3002             0
13.33             0
13.3598             0
13.3896             0
13.4194             8
13.4492       15.5429
13.479       13.4321
13.5088       9.93103
13.5386       8.11268
13.5684       8.69565
13.5982       10.5739
13.628       10.5175
13.6578       13.1307
13.6876       14.2222
13.7174       19.6782
13.7472       23.4862
13.777       26.9186
13.8068        30.205
13.8366       28.2716
13.8664       31.7745
13.8961       32.3649
13.9259       34.9375
13.9557            38
13.9855        41.777
14.0153       43.4012
14.0451        46.634
14.0749       49.1957
14.1047        53.655
14.1345       57.8707
14.1643       63.7606
14.1941       69.3292
14.2239       75.7693
14.2537       81.6954
14.2835       89.8315
14.3133       95.0414
14.3431       102.321
14.3729       108.028
14.4027       116.995
14.4325       124.194
14.4623       135.604
14.4921       145.167
14.5219       156.333
14.5517       167.973
14.5815       177.099
14.6113       185.444
14.6411        189.57
14.6709       197.544
14.7007        204.99
14.7305       210.843
14.7603       212.257
14.79       215.345
14.8198       215.829
14.8496        213.64
14.8794       212.745
14.9092       206.455
14.939       196.456
14.9688       187.052
14.9986       178.743
15.0284       173.375
15.0582       164.967
15.088       157.842
15.1178        150.29
15.1476       146.515
15.1774       139.829
15.2072       135.823
15.237       130.999
15.2668       126.631
15.2966       124.057
15.3264       122.357
15.3562       121.991
15.386       121.083
15.4158       118.556
15.4456       115.639
15.4754       115.608
15.5052       114.797
15.535       114.553
15.5648       114.246
15.5946       116.063
15.6244       116.301
15.6542       120.704
15.6839       123.671
15.7137       124.408
15.7435       124.186
15.7733       125.123
15.8031       125.586
15.8329       126.969
15.8627       128.325
15.8925       130.626
15.9223       131.732
15.9521       133.601
15.9819       134.717
16.0117       133.933
16.0415       135.823
16.0713       133.121
16.1011       132.116
16.1309       129.333
16.1607       128.726
16.1905       129.155
16.2203        130.73
16.2501       129.623
16.2799       128.515
16.3097       128.758
16.3395       128.844
16.3693       127.514
16.3991       123.852
16.4289       120.964
16.4587       119.896
16.4885       118.619
16.5183        118.61
16.5481       116.292
16.5778       114.728
16.6076       114.248
16.6374       111.518
16.6672       109.507
16.697       108.764
16.7268       110.006
16.7566       111.835
16.7864       113.663
16.8162       117.502
16.846       121.078
16.8758       125.605
16.9056       128.418
16.9354       134.405
16.9652       140.473
16.995       146.248
17.0248       154.217
17.0546       161.824
17.0844       168.942
17.1142       176.133
17.144       182.124
17.1738       189.869
17.2036       197.784
17.2334       206.871
17.2632       211.277
17.293       212.721
17.3228       215.304
17.3526       212.369
17.3824       212.522
17.4122       207.879
17.442        202.66
17.4717       194.647
17.5015       183.462
17.5313       171.859
17.5611       161.128
17.5909       149.372
17.6207       137.917
17.6505       128.421
17.6803       120.894
17.7101       109.561
17.7399       101.723
17.7697       92.5052
17.7995       84.7016
17.8293       77.8541
17.8591       73.8155
17.8889       66.9025
17.9187       62.0104
17.9485       55.8568
17.9783       52.2672
18.0081         51.05
18.0379       44.8792
18.0677       42.9402
18.0975       40.2923
18.1273       37.4159
18.1571       31.9465
18.1869       29.6931
18.2167       27.0222
18.2465       23.5216
18.2763       17.8989
18.3061        14.438
18.3359       11.4911
18.3656       10.4627
18.3954       7.94272
18.4252       8.35191
18.455       6.37594
18.4848             0
18.5146             0
18.5444             0
18.5742             0
18.604             0
18.6338             0
18.6636             0
18.6934             0
18.7232             0
18.753             0
18.7828             0
18.8126             0
18.8424          -nan
18.8722          -nan
18.902          -nan
18.9318          -nan
18.9616          -nan
18.9914          -nan
19.0212          -nan
19.051          -nan
19.0808          -nan
19.1106          -nan
19.1404          -nan
19.1702          -nan
19.2          -nan
19.2298          -nan
19.2595          -nan
19.2893          -nan
19.3191          -nan
19.3489          -nan
19.3787          -nan
19.4085          -nan
19.4383          -nan
19.4681          -nan
19.4979          -nan
19.5277          -nan
19.5575          -nan
19.5873          -nan
19.6171          -nan
19.6469          -nan
19.6767          -nan
19.7065          -nan
19.7363          -nan
19.7661          -nan
19.7959          -nan
19.8257          -nan
19.8555          -nan
19.8853          -nan
19.9151          -nan
19.9449          -nan
19.9747          -nan
20.0045          -nan
20.0343          -nan
20.0641          -nan
20.0939          -nan
20.1237          -nan
20.1534          -nan
20.1832          -nan
20.213          -nan
20.2428          -nan
20.2726          -nan
20.3024          -nan
20.3322          -nan
20.362          -nan
20.3918          -nan
20.4216          -nan
20.4514          -nan
20.4812          -nan
20.511          -nan
20.5408          -nan
20.5706          -nan
20.6004          -nan
20.6302          -nan
20.66          -nan
20.6898          -nan
20.7196          -nan
20.7494          -nan
20.7792          -nan
