11.2756         0
11.3352         0
11.3947         0
11.4543         0
11.5139         0
11.5735         0
11.6331         0
11.6926         0
11.7522         0
11.8118         0
11.8714         0
11.9309         0
11.9905         0
12.0501         0
12.1097         0
12.1693         0
12.2288         0
12.2884         0
12.348         0
12.4076         0
12.4671         0
12.5267         0
12.5863         0
12.6459         0
12.7055         0
12.765         0
12.8246         0
12.8842         0
12.9438         0
13.0033         0
13.0629         0
13.1225         0
13.1821         0
13.2417         0
13.3012         0
13.3608         0
13.4204         0
13.48         0
13.5395         0
13.5991         0
13.6587         0
13.7183         0
13.7779         0
13.8374         0
13.897         0
13.9566         0
14.0162         0
14.0757         0
14.1353         0
14.1949         0
14.2545         0
14.3141         0
14.3736         0
14.4332         0
14.4928         0
14.5524         1
14.6119         2
14.6715        34
14.7311       205
14.7907       412
14.8502       658
14.9098       745
14.9694       837
15.029       955
15.0886       956
15.1481      1037
15.2077      1112
15.2673      1118
15.3269      1160
15.3864      1206
15.446      1304
15.5056      1289
15.5652      1373
15.6248      1372
15.6843      1337
15.7439      1330
15.8035      1344
15.8631      1263
15.9226      1222
15.9822      1234
16.0418      1259
16.1014      1262
16.161      1274
16.2205      1269
16.2801      1193
16.3397      1099
16.3993      1055
16.4588      1092
16.5184      1094
16.578      1044
16.6376      1060
16.6972      1015
16.7567       962
16.8163      1049
16.8759       916
16.9355       850
16.995       786
17.0546       695
17.1142       676
17.1738       522
17.2334       408
17.2929       189
17.3525        34
17.4121         4
17.4717         2
17.5312         0
17.5908         0
17.6504         0
17.71         0
17.7696         0
17.8291         0
17.8887         0
17.9483         0
18.0079         0
18.0674         0
18.127         0
18.1866         0
18.2462         0
18.3058         0
18.3653         0
18.4249         0
18.4845         0
18.5441         0
18.6036         0
18.6632         0
18.7228         0
18.7824         0
18.842         0
18.9015         0
18.9611         0
19.0207         0
19.0803         0
19.1398         0
19.1994         0
19.259         0
19.3186         0
19.3781         0
19.4377         0
19.4973         0
19.5569         0
19.6165         0
19.676         0
19.7356         0
19.7952         0
19.8548         0
19.9143         0
19.9739         0
20.0335         0
20.0931         0
20.1527         0
20.2122         0
20.2718         0
20.3314         0
20.391         0
20.4505         0
20.5101         0
20.5697         0
20.6293         0
20.6889         0
20.7484         0
