11.2691         0
11.3288         0
11.3886         0
11.4483         0
11.508         0
11.5678         0
11.6275         0
11.6872         0
11.747         0
11.8067         0
11.8664         0
11.9262         0
11.9859         0
12.0456         0
12.1054         0
12.1651         0
12.2248         0
12.2846         0
12.3443         0
12.404         0
12.4637         0
12.5235         0
12.5832         0
12.6429         0
12.7027         0
12.7624         0
12.8221         0
12.8819         0
12.9416         0
13.0013         0
13.0611         0
13.1208         0
13.1805         0
13.2403         0
13.3         0
13.3597         0
13.4195         0
13.4792         0
13.5389         0
13.5987         0
13.6584         0
13.7181         0
13.7779         0
13.8376         0
13.8973         0
13.957         0
14.0168         0
14.0765         0
14.1362         0
14.196         0
14.2557         0
14.3154         0
14.3752         0
14.4349         0
14.4946         0
14.5544         0
14.6141         0
14.6738         0
14.7336         0
14.7933         0
14.853         0
14.9128         0
14.9725         0
15.0322         0
15.092         0
15.1517         0
15.2114         0
15.2711         8
15.3309        35
15.3906        66
15.4503        88
15.5101        81
15.5698        95
15.6295       104
15.6893       121
15.749       107
15.8087        85
15.8685       115
15.9282       105
15.9879       137
16.0477        95
16.1074        80
16.1671        90
16.2269       125
16.2866       102
16.3463       111
16.4061       108
16.4658       125
16.5255       107
16.5853        98
16.645        86
16.7047        62
16.7644        21
16.8242         0
16.8839         0
16.9436         0
17.0034         0
17.0631         0
17.1228         0
17.1826         0
17.2423         0
17.302         0
17.3618         0
17.4215         0
17.4812         0
17.541         0
17.6007         0
17.6604         0
17.7202         0
17.7799         0
17.8396         0
17.8994         0
17.9591         0
18.0188         0
18.0786         0
18.1383         0
18.198         0
18.2577         0
18.3175         0
18.3772         0
18.4369         0
18.4967         0
18.5564         0
18.6161         0
18.6759         0
18.7356         0
18.7953         0
18.8551         0
18.9148         0
18.9745         0
19.0343         0
19.094         0
19.1537         0
19.2135         0
19.2732         0
19.3329         0
19.3927         0
19.4524         0
19.5121         0
19.5719         0
19.6316         0
19.6913         0
19.751         0
19.8108         0
19.8705         0
19.9302         0
19.99         0
20.0497         0
20.1094         0
20.1692         0
20.2289         0
20.2886         0
20.3484         0
20.4081         0
20.4678         0
20.5276         0
20.5873         0
20.647         0
20.7068         0
20.7665         0
