default_name                                                                    
  963  0.0000000E+00
  37.4136238  26.4294472  14.6016951  38.1610718  27.0044346  14.4375658
  37.6283112  25.6195374  14.1388922  59.0773621  45.0777664  14.3386116
  58.5200500  44.3798141  14.6828451  59.5355530  44.6762505  13.6003189
  61.4262733  47.1453171  14.9708405  60.9854965  46.2958794  14.9506931
  62.3584824  46.9306793  15.0047197  55.2571068  57.0100365  17.4687157
  55.5256805  56.1292114  17.7299614  54.3277435  56.9239540  17.2563400
  43.1491318  60.5746613  14.6269150  42.9242859  61.4638557  14.3530293
  43.4593163  60.6725578  15.5271559  55.1987076  50.2085609  17.6073399
  55.9043274  49.9413681  18.1963596  55.4887543  49.9228363  16.7410450
  32.4463158  61.4773598  17.7192154  33.0339928  61.7245483  18.4331913
  31.8152618  62.1953278  17.6689644  54.0580254  38.5637550  17.2400761
  53.2254028  38.1223412  17.4077702  53.8199005  39.4809647  17.1049538
  47.9952507  33.0760956  17.1820736  47.6840134  32.1715279  17.2155819
  48.0602646  33.2725563  16.2475109  46.5440102  60.8162727  17.6137772
  46.7462044  60.4861259  18.4891911  45.6304207  60.5695534  17.4698505
  34.8717728  37.1514015  14.7711964  34.8501205  36.2074966  14.9287148
  35.8001480  37.3536301  14.6551895  50.6330528  34.5637360  17.4194546
  50.6075287  34.2463493  16.5167656  49.9248886  34.0930176  17.8589573
  55.2260170  46.9001808  14.4211273  55.2313347  47.0556564  13.4766531
  54.3112259  46.7078705  14.6270590  63.3290558  28.3481808  17.6181087
  63.9876366  29.0180645  17.8018475  62.5134163  28.8373966  17.5102615
  61.4057922  53.5862465  15.1360140  61.7336655  53.1997833  15.9480343
  62.1663666  53.6041985  14.5551224  31.4363308  58.6209984  17.5876980
  31.9498482  58.9590149  18.3213711  31.8359947  59.0167198  16.8131638
  57.4705734  28.9618759  14.5609560  56.9183731  28.3651810  14.0557222
  57.4399452  28.6183853  15.4538774  44.0419121  42.3896217  14.9490156
  44.7213669  43.0356827  14.7562027  44.2343216  42.0984077  15.8403091
  25.7866707  28.5722294  14.4847403  26.4399281  28.5980091  15.1838980
  25.7568054  29.4691124  14.1516638  51.0157051  36.8127327  14.3181839
  50.0824356  36.6933403  14.4941921  51.3367538  35.9327927  14.1210575
  42.4388084  24.4879093  14.3512249  42.7433548  23.5815659  14.3962440
  41.4947281  24.4309502  14.4985094  51.6323509  62.3944969  17.5218468
  51.7145958  62.2811165  16.5749493  51.4764252  61.5112457  17.8561821
  46.7613220  35.4752998  17.6200371  45.8287849  35.3657494  17.8060627
  47.1162186  34.5866280  17.6433678  33.7164040  43.3941307  17.5962582
  34.6515388  43.4798737  17.7817440  33.3950081  44.2951851  17.5640564
  23.8343163  43.3438644  14.9967499  23.6581898  44.2446022  14.7249403
  24.6909008  43.1430473  14.6196957  50.9480476  42.7061348  14.5609131
  50.9891853  41.7561531  14.4510078  51.1825676  42.8515816  15.4774704
  52.4536209  23.4360352  14.7546310  53.3965797  23.2740936  14.7256918
  52.0589027  22.5936737  14.5291119  25.8588467  53.5761108  17.3437271
  25.0682678  54.0964851  17.4866524  26.2870064  53.9916115  16.5952129
  36.0787315  24.1158810  17.5678272  35.1366615  24.2850380  17.5569611
  36.1524506  23.1844807  17.7758884  46.2530251  47.0370445  17.4140301
  46.4565887  46.1746750  17.7761230  45.3079529  47.1301842  17.5340061
  30.4520149  39.4229469  17.3618546  31.1212559  40.1073074  17.3601360
  30.9467735  38.6042023  17.3950844  59.9762802  37.7632713  17.4717388
  60.6862564  38.2137032  17.9292107  59.1979485  38.2864189  17.6634312
  54.3737755  29.6485329  17.3291779  53.4306602  29.4869366  17.3547764
  54.4852524  30.4874973  17.7763290  32.4997711  53.4348183  17.2626648
  32.9795914  53.5223923  16.4390545  32.4611282  54.3247108  17.6131363
  35.2901230  31.9911900  17.1378708  35.3902512  31.0632305  17.3502407
  36.1367188  32.3799362  17.3578243  55.3808594  31.9331875  14.5979595
  56.3092613  31.8163319  14.3963442  55.0400047  31.0426559  14.6816597
  35.7852402  56.9396667  17.1123257  36.1751900  57.4681015  16.4159565
  34.9081573  57.3052139  17.2278004  24.5047016  23.6031303  17.4570847
  24.9423962  22.7906666  17.7111664  25.1889420  24.2704124  17.5097980
  46.1963692  26.3934784  17.5994129  47.1534157  26.3810425  17.6110020
  45.9409828  25.5795460  18.0336075  60.5354424  50.2292595  17.1525249
  59.7158051  49.7944679  17.3878555  60.5185280  50.2709274  16.1963825
  51.4219627  42.8707695  17.2885895  51.8506622  43.6194649  17.7032051
  50.4900093  43.0884628  17.3061543  45.9362793  32.2644539  14.5269899
  46.7657738  32.7420769  14.5200558  45.2785416  32.9297028  14.7296171
  37.1518440  23.6587143  14.6419249  36.5662766  23.9283733  15.3494740
  36.6708412  22.9706936  14.1820402  56.0174522  51.1241646  14.8079071
  56.5473175  51.9203033  14.8484278  56.2242851  50.7419472  13.9550514
  62.2270393  59.2565727  14.7233095  62.0297737  59.2528152  15.6599550
  61.4321976  58.9197235  14.3097916  50.5566826  39.5582657  17.5418110
  49.7329941  39.0710602  17.5618343  50.4488831  40.2383995  18.2066669
  37.4225273  46.0685310  17.0732880  38.0223618  45.3764725  17.3516483
  37.1692696  45.8224487  16.1836033  54.1332741  43.4505844  14.8275471
  53.8896446  42.5385361  14.6693048  55.0555077  43.4992714  14.5758591
  56.8111343  62.3538475  14.6952305  57.7301025  62.2072411  14.4711018
  56.7023125  63.3037910  14.6505737  56.2179832  41.6620560  17.4471111
  55.5355453  41.0302773  17.2204666  55.7408333  42.4643555  17.6589413
  33.9578781  50.9292221  17.4073277  33.3756104  50.3557930  17.9057026
  33.4561806  51.7358093  17.2892170  25.3807564  50.8565063  17.5305099
  26.1666985  50.5377007  17.9742336  25.3033905  51.7696495  17.8069420
  36.8618851  54.3684464  17.2637596  37.7812233  54.3691254  17.5303040
  36.5590935  55.2580757  17.4457264  45.3748550  24.7495842  14.6273947
  44.4777298  25.0777378  14.5664558  45.3224068  23.8484306  14.3089514
  32.7829895  32.7585602  17.6621704  32.5796814  31.8242073  17.7055359
  33.6938019  32.7921715  17.3697319  41.7190399  53.6322937  14.4496593
  41.3680305  54.4875526  14.2015572  41.0019226  53.0210571  14.2812281
  47.1620636  49.8198280  15.1299105  47.1497192  50.5757256  14.5427980
  46.2387314  49.6080666  15.2671728  39.7892265  24.3797588  14.9704399
  38.8701248  24.1444244  14.8435440  39.7726173  25.0509262  15.6527090
  61.7155151  28.1570835  14.1759624  61.1873169  27.4741001  14.5892076
  61.1563759  28.9338627  14.1903095  41.9284248  45.8512878  17.6794090
  41.1696510  46.4233475  17.7944622  42.6674004  46.4511375  17.5777702
  50.3251724  59.8756142  17.1905613  50.2814636  58.9769859  17.5173416
  50.7084084  59.7944984  16.3171883  55.2301979  58.8349037  15.5459652
  54.7517319  58.1171989  15.1309948  55.3950806  58.5287781  16.4377785
  30.9043941  26.1931438  16.0945568  30.7745018  25.3898640  15.5904732
  31.3091717  26.8012505  15.4760141  33.7991676  23.3686371  14.8063345
  32.9056320  23.2674065  14.4783411  33.9492416  24.3139973  14.8047056
  28.3362370  34.4833488  17.3907642  28.6116982  33.5710258  17.4802837
  27.5003242  34.4367218  16.9267502  47.8683128  28.3014469  14.7807455
  46.9914627  28.6653423  14.6584873  48.1130409  28.5596828  15.6693707
  35.9139671  26.7528305  16.9045143  36.4670448  26.6557617  16.1293297
  36.0609169  25.9505939  17.4055672  31.7525673  49.4991913  17.8184299
  31.2152882  50.1100769  17.3140659  31.2468262  48.6865540  17.8274651
  57.3327789  53.9352303  14.8083658  57.7937775  54.7248726  14.5252056
  57.9504051  53.2237358  14.6394234  27.4108772  62.3990517  16.4285374
  26.5573215  62.3132324  16.8531647  28.0307922  62.0367165  17.0615063
  37.5322990  47.0219879  14.4566593  36.6226501  47.3120918  14.3887825
  38.0469170  47.7814178  14.1834135  26.3434868  53.7028732  14.5364170
  27.2157669  53.3603706  14.3413420  25.7916260  52.9243279  14.6109200
  62.0363846  62.6708679  14.5564280  62.9606400  62.8757133  14.4149246
  62.0164490  62.2274551  15.4044962  33.8491631  25.9619637  14.2067442
  34.4683228  26.6501961  14.4500732  33.5007668  26.2415848  13.3601837
  23.6117725  46.4206200  17.6567593  23.5995312  45.4819221  17.8436470
  24.5413074  46.6400833  17.5932350  23.8507690  35.7913399  14.5992260
  23.7184353  36.6749802  14.2558556  23.5112915  35.8285255  15.4934320
  58.5453568  58.0569763  17.1210079  58.3360329  58.1767731  16.1946907
  57.7014198  57.8792191  17.5362244  54.8289566  54.7842026  14.9498720
  55.7143211  54.5741005  14.6528444  54.4179649  53.9326820  15.0989723
  33.9961052  50.8405800  14.6524153  33.9794121  50.8573494  15.6093225
  34.7472725  50.2883339  14.4356155  40.3865700  26.3134022  17.1648407
  41.3337250  26.2758541  17.2979527  40.0194855  25.8693829  17.9292526
  36.8176918  51.0444489  14.5554361  36.6904488  51.8564034  14.0647545
  36.8127937  51.3160057  15.4732943  53.7662697  33.9472923  14.9624863
  54.2627296  33.2081299  14.6112032  53.9544029  33.9378052  15.9009676
  28.8087425  60.3174896  17.3944740  29.0974693  60.1844063  16.4916134
  29.4625587  59.8617859  17.9246559  42.8258629  43.3435440  17.3725929
  43.6450806  43.1794548  17.8396969  42.5224991  44.1864052  17.7099190
  52.5950661  45.4108582  17.3289814  51.8759537  45.9417458  17.6714249
  52.6743546  45.6772499  16.4130230  31.9971714  55.9779167  17.4648190
  31.7570763  56.8291512  17.8308640  31.1711369  55.6111755  17.1495399
  34.7804871  44.6249390  14.6096582  35.4319572  43.9241943  14.6375265
  34.0182648  44.2267609  14.1892920  28.8826580  28.4004879  14.2083626
  28.5127735  27.5178852  14.1876049  28.4070072  28.8756027  13.5270004
  50.6102371  28.3084316  14.6030388  49.6685371  28.3916912  14.4530430
  50.7772026  27.3668613  14.5605907  43.8113365  52.0737686  14.5734005
  44.4088898  52.7979813  14.3871670  42.9481163  52.4836769  14.6287136
  30.5563145  42.5598907  15.1103878  30.7473679  43.4977264  15.1240568
  30.4204140  42.3297234  16.0295105  35.2662544  47.8409996  17.2413158
  36.0408821  47.2802849  17.2835407  35.5181046  48.5535660  16.6539059
  37.2619476  58.1571007  14.6690483  37.7067146  57.3633308  14.3718195
  37.9314117  58.6393166  15.1543531  62.1017990  34.3572388  17.5714874
  62.5267143  35.1980400  17.4019718  61.1741371  34.5727501  17.6675663
  55.1148796  44.0659599  17.3849621  55.0600853  44.2685432  16.4510498
  54.2400246  44.2569008  17.7231960  26.9329071  47.8658142  14.7962837
  27.7600689  48.2449913  14.4991951  26.2609596  48.4437294  14.4347172
  32.3521538  38.0977821  14.5698767  33.2002029  37.7379112  14.3099890
  32.3350868  38.0066147  15.5225725  51.7058144  30.8272572  14.7160568
  51.1859665  30.0695019  14.4481087  52.5992508  30.6113663  14.4488506
  58.1125946  25.0483494  14.8049955  58.8701706  25.4744606  15.2059126
  58.3036919  24.1124535  14.8667622  39.2506218  55.8059120  17.7038250
  38.7931786  56.6392441  17.5918903  40.0284500  56.0265961  18.2161884
  55.5002441  25.1927547  14.8406553  55.2847328  24.2676144  14.9585638
  56.4329071  25.1958618  14.6253452  29.6954575  38.4659348  14.9727583
  30.5457954  38.2048454  14.6192217  29.8973465  38.8405914  15.8301411
  48.4227104  48.6317177  17.0987930  47.6189613  48.1869354  17.3678379
  48.1569023  49.1817513  16.3618793  26.1589127  59.7245331  17.5403461
  27.0522728  60.0665016  17.5748920  25.6027126  60.5016823  17.5943108
  56.8099937  60.9512482  17.1655483  56.7614632  60.0699234  16.7952156
  56.8315277  61.5303307  16.4036884  25.3969517  39.6761436  14.7435551
  25.4714603  40.1211510  15.5877409  25.4890518  40.3746719  14.0956278
  48.9126968  44.0303383  17.4386044  48.1552505  43.9224281  18.0138149
  48.5363846  44.1444168  16.5659046  51.7736053  50.4697609  14.5189180
  51.1487694  49.7458305  14.5605822  52.1035576  50.5531540  15.4135733
  49.9220543  48.5608749  14.5421085  49.5561295  47.8671837  15.0908527
  49.7073593  48.2968903  13.6474314  56.9178162  42.9718361  14.8134775
  56.9430809  42.0833817  14.4581766  57.2681808  42.8853035  15.7000360
  24.3695164  32.9687271  17.2239761  24.0006657  32.9799614  16.3407688
  24.3583870  33.8852425  17.4998550  54.5975456  29.4977436  14.6126738
  54.1646805  28.6940269  14.3247452  54.6462631  29.4155540  15.5650930
  61.8968544  52.6805382  17.6299553  61.3993378  53.3042603  18.1588058
  61.3667183  51.8835907  17.6376324  42.1369133  27.3492718  14.4494524
  42.7406082  27.3312950  15.1920586  42.1892357  26.4691086  14.0768843
  53.4650497  27.0051689  14.3479567  52.7199364  26.5052147  14.0146675
  54.0928802  26.3399773  14.6300592  24.6488552  37.8334503  17.7744694
  25.5446358  37.4961891  17.7824707  24.1068916  37.0690956  17.5788364
  43.3361473  47.8356857  14.3789768  42.4980774  47.4915962  14.6879616
  43.7290154  47.1098022  13.8942270  45.6978378  54.1670456  14.1626234
  45.4322929  55.0740623  14.3144035  46.2938957  54.2138748  13.4151249
  28.2147636  41.1981888  14.4394541  29.0841141  41.5987206  14.4453955
  28.3629932  40.2996902  14.7343531  59.8176003  45.0146942  17.6222191
  59.3926811  45.8332291  17.3659439  60.7095413  45.2710342  17.8566589
  38.9548988  50.0727615  17.5988579  39.5599937  50.8142281  17.6167603
  38.0998230  50.4656067  17.4235001  24.9881172  24.1772690  14.7068453
  24.8190231  23.2927437  14.3824148  24.6232376  24.1816387  15.5917616
  52.0293579  36.9095650  17.8373451  51.4997177  36.1213531  17.7172184
  51.3906212  37.6074028  17.9831810  56.5287819  54.1284523  17.4535809
  56.8018608  54.1211510  16.5361881  57.3295860  53.9411850  17.9433498
  26.2053585  25.8381119  17.3146935  27.0511131  25.3899651  17.3243656
  26.4117413  26.7333813  17.0461197  26.3373146  44.3454208  16.9085884
  26.2534447  43.9955368  16.0215836  25.4383564  44.3904648  17.2342873
  52.9131737  26.1861382  17.7039928  53.8475952  26.0663986  17.8735466
  52.5772247  25.2989101  17.5767345  37.7566071  33.0815964  17.2106667
  38.6825981  32.9084930  17.3803902  37.7096138  33.2283554  16.2659512
  62.5304413  45.4223709  17.6931133  63.4082832  45.0414886  17.7165794
  62.6605988  46.3392029  17.9354172  26.1308899  56.4111786  14.8592720
  25.2485733  56.6353569  14.5634785  26.3141556  55.5666656  14.4476376
  44.9118042  29.7112770  14.4211226  45.4264412  30.3955879  13.9932213
  44.0076942  30.0203590  14.3638248  62.3663597  31.5869541  17.5021439
  62.3999557  32.5356407  17.6249962  63.2841187  31.3166332  17.4724846
  60.6231461  56.4961510  17.1898384  61.0541420  56.5739326  16.3387070
  59.7972641  56.9683571  17.0841446  53.5466118  52.3962173  14.4651098
  52.9860153  51.6819153  14.1622276  54.3389473  51.9615746  14.7805729
  29.4909973  60.0713081  14.9194956  28.9045410  59.3346367  14.7474079
  30.3429127  59.7802963  14.5942469  39.8796005  52.8257942  17.6251698
  39.7224731  53.7259216  17.9103203  40.7688980  52.6323738  17.9217682
  51.3825378  54.2304993  15.0774975  52.2487831  54.0501251  14.7123804
  51.4686279  54.0289001  16.0092583  59.8704376  49.3627701  14.5922375
  60.6220894  48.8249130  14.3433142  59.1208992  48.7707977  14.5290298
  55.3269882  25.7149830  17.4736309  55.4213905  24.7887192  17.6957912
  55.3176537  25.7320099  16.5166283  62.1814537  39.4686394  14.5472326
  61.5658302  38.7450333  14.4304647  61.6600761  40.1644440  14.9475479
  30.7509384  51.6512299  16.6956711  31.3604603  52.3104973  17.0274563
  29.9273052  51.8382912  17.1460819  59.0131493  32.7564735  14.5246077
  58.9173279  32.7560234  15.4769993  59.1117592  31.8328724  14.2933731
  45.8801651  44.3594933  14.8478880  46.6587982  43.8628654  14.5962439
  45.9599571  45.1868019  14.3731022  57.5799370  39.1863594  17.4037094
  57.1599808  39.8974953  17.8876038  57.7707939  39.5616264  16.5440693
  34.2860413  47.2276382  14.8254042  34.6387901  46.3791809  14.5572300
  34.4608994  47.2734451  15.7653828  49.3746262  52.3402672  14.8559370
  49.8868027  51.5476341  15.0160446  50.0249443  53.0414314  14.8148823
  60.1578484  37.7298355  14.8245173  59.5148926  37.0353737  14.6811247
  60.2372093  37.7899170  15.7765274  56.8786812  23.1565819  17.6025887
  57.3832436  23.0147877  16.8016243  57.4274940  22.7950687  18.2985382
  45.5232506  23.7297230  17.4590893  46.3055611  23.2472038  17.7262955
  45.7812347  24.1766949  16.6529293  40.5112038  46.7994003  14.7299948
  40.2225189  46.7013817  15.6373463  40.3507309  47.7206955  14.5257940
  61.3772125  59.5183220  17.2765999  60.5642281  60.0117378  17.1678505
  61.1010094  58.6804390  17.6479435  43.0564919  29.8886166  16.9624634
  43.8154335  30.4471664  16.7943668  43.4279556  29.0202827  17.1181679
  43.9346161  60.6184540  17.5374508  43.3380852  59.8760376  17.6333752
  43.3846970  61.3880692  17.6841316  58.5799942  35.6168861  14.2403278
  57.6263390  35.6956177  14.2642889  58.7389755  34.7219124  13.9403620
  45.8002129  38.4655190  17.2664452  44.8472672  38.4702682  17.3564472
  46.0301132  37.5385590  17.2022705  42.9618187  26.0564957  17.7677498
  43.5713425  26.4968452  17.1754627  43.3971672  25.2338390  17.9912205
  39.6136894  39.7488365  14.3978748  40.4409790  39.3575935  14.6785059
  39.8723984  40.5206871  13.8943424  47.0367355  40.3792458  15.3820019
  47.2212830  39.6681519  15.9956112  46.2670517  40.0827713  14.8962851
  39.5435104  44.2018394  17.2039089  40.3474731  44.6422577  17.4794292
  39.6468925  44.0832367  16.2597275  38.7601929  58.6437035  17.6094627
  38.1698380  59.2622948  18.0396519  39.3691788  59.1955566  17.1187210
  34.8345070  31.1487045  14.6159897  34.7514267  31.4515667  15.5202045
  34.1430740  31.6123886  14.1436043  41.2982826  41.8336220  14.4541759
  40.7428551  42.6055527  14.5630703  42.1896667  42.1610336  14.5744591
  48.8823929  25.7785702  17.6191578  49.7621422  25.4752979  17.8434334
  48.7872009  25.5709629  16.6896038  59.6390266  35.2174835  16.7712173
  59.2295799  35.2871475  15.9088192  59.5824814  36.1009445  17.1352711
  53.3833008  57.0391769  14.4685440  53.3571281  56.7289467  13.5633898
  53.7517509  56.3065681  14.9622650  42.2138367  51.8077507  17.5479546
  43.0423508  52.2189407  17.7943687  42.4428787  51.2202835  16.8277779
  24.0518112  61.5337563  14.7457018  23.3786926  60.8994865  14.4990311
  24.8752651  61.0522766  14.6661119  50.9891357  39.9799423  14.8591318
  50.9302788  39.0726814  14.5597210  50.6951637  39.9512329  15.7696199
  42.8443489  38.5530624  17.4992886  42.6383133  38.4030724  18.4219379
  42.3096085  39.3081741  17.2541504  60.0123825  30.0435772  14.7401724
  59.0712509  29.9302998  14.6072245  60.1208763  30.0499153  15.6911831
  38.3431931  41.4294357  17.6583977  38.9530983  42.1502228  17.8156033
  38.8994522  40.7006989  17.3831806  28.5489883  24.1079769  15.0139427
  28.4448948  24.1260414  15.9652948  28.0394306  24.8562393  14.7029972
  30.0687828  47.4665260  17.1624870  30.5170383  47.3372650  16.3266697
  29.5737610  46.6582680  17.2962971  31.3046894  50.5781403  14.1550455
  31.1262150  51.1476860  14.9033747  32.2588539  50.5057487  14.1313429
  53.3477135  41.0840836  17.2713928  53.2986908  41.2395248  16.3281727
  52.6407547  41.6147156  17.6386452  33.3493690  25.3439198  17.4329853
  32.5678520  25.6217384  16.9551945  33.9496078  26.0862083  17.3626308
  48.1122932  42.5949783  14.4471579  47.9551468  41.7248306  14.8137350
  49.0605698  42.6348915  14.3230047  32.7998466  32.9141693  14.4722986
  32.0757065  32.3011475  14.5990219  32.3913765  33.7789154  14.5122099
  58.5942230  42.8868065  16.9097214  58.7478027  43.8169022  17.0757504
  58.0922699  42.5878487  17.6679440  41.3182640  34.9877739  14.6170559
  40.4998627  35.4669991  14.7466612  41.0484695  34.1510048  14.2385607
  41.6522408  38.0121117  15.1380568  41.2487144  37.2490349  14.7244015
  41.7936668  37.7453651  16.0463943  34.0840073  59.5934410  17.1922150
  34.3256493  59.4667130  16.2747288  33.5199852  60.3667946  17.1867256
  50.9354630  58.7926903  14.5296192  50.5866394  57.9014130  14.5427351
  51.8763008  58.6797066  14.3943682  55.3035507  38.6037788  14.7892723
  54.8315773  38.3085785  15.5679445  55.8452454  37.8552094  14.5393934
  56.3959465  28.0866032  16.9463978  55.8060951  28.8321972  17.0577431
  55.9258499  27.3491173  17.3354397  27.2831497  56.7597961  17.3862419
  27.0434246  57.6487541  17.6480026  26.8655052  56.6404343  16.5332718
  26.2779102  42.9615250  14.3872337  26.6989422  43.7307091  14.0034084
  26.9786930  42.3128586  14.4533329  27.6733379  39.7463341  17.8434772
  28.6082096  39.6849632  17.6473083  27.4295788  38.8649368  18.1262360
  52.3796043  56.0204697  17.3414974  52.1792259  55.1106148  17.5611553
  51.6785355  56.5261078  17.7526684  31.0954895  34.9494514  17.5757084
  31.6143684  34.2088852  17.8896484  30.1938400  34.7246056  17.8052864
  35.0562057  37.4031715  17.8225403  35.2254906  38.3432465  17.8844624
  35.7875977  37.0614662  17.3082085  29.7833786  55.7693901  14.2773228
  29.4878159  55.5639687  15.1642714  30.7361355  55.8265572  14.3495741
  33.1910172  46.1080513  17.4246864  34.0705719  46.4327240  17.6175709
  32.6499748  46.8962059  17.3765831  49.7342987  57.0361710  17.3802586
  50.1396255  56.8435669  16.5347748  48.8223534  56.7646255  17.2760887
  41.6393394  56.3448105  14.3234777  42.5360146  56.3217964  13.9892921
  41.4490700  57.2762794  14.4348297  59.0827255  52.0815811  14.5933990
  59.9731522  52.3769035  14.7835627  59.1418419  51.1262093  14.5946617
  28.1468315  52.5907516  17.7119846  27.2692070  52.9219360  17.5213947
  28.0733566  51.6423645  17.6052380  43.9168205  34.4877930  15.0349369
  43.0263901  34.7982750  14.8707199  43.8981476  34.1740341  15.9390602
  52.5217171  49.5625648  17.0589619  53.4675522  49.7096176  17.0607548
  52.4152374  48.6839676  17.4236012  48.2651939  36.2176666  14.6828938
  48.3194160  36.2103539  15.6385288  47.3474693  36.4159050  14.4965792
  56.6793518  46.3237915  17.3436584  55.8022690  46.6179314  17.0978260
  56.5679474  45.4000626  17.5684700  45.1906013  56.7149582  14.8042049
  45.8824501  57.3083305  14.5118294  44.6340561  57.2543068  15.3659811
  29.0823040  54.8540497  16.8099728  28.8675346  54.1574211  17.4303055
  28.4608746  55.5537834  17.0110416  57.9696999  47.5405273  14.7433033
  57.0483742  47.3506203  14.9202919  58.3174400  46.7248116  14.3828697
  45.2812767  31.3142452  16.9563942  45.6428452  31.4934940  16.0884247
  45.8816566  30.6740627  17.3384190  26.7428360  26.0656071  14.3065453
  26.3792458  26.9421406  14.1811495  25.9843941  25.5187473  14.5113449
  37.2716789  35.0772629  14.2593718  37.4442749  34.2448730  13.8194122
  36.3938103  34.9761925  14.6272964  62.9561882  61.5268135  17.0931244
  62.3176041  62.1483383  17.4426174  62.4937401  60.6888046  17.0824471
  45.7369804  36.8016434  14.4148569  45.0489578  36.1370201  14.4484539
  45.2803116  37.6274490  14.5752544  28.0748806  49.9422607  17.4240150
  28.3293514  49.7572212  16.5200024  27.6179600  49.1515770  17.7108440
  49.3447914  45.8013611  14.5744295  48.4162903  45.6158142  14.7147570
  49.7649727  44.9413643  14.5837421  23.5751266  33.1024208  14.7526512
  23.5304680  33.9961510  14.4128256  22.6663895  32.8017197  14.7558889
  28.0037155  58.0369873  14.3815002  27.2236862  57.5319786  14.6111774
  28.6372871  57.3805847  14.0917578  44.4972458  54.2185707  16.9274998
  44.9007645  53.9705009  16.0957127  44.8679619  53.6082954  17.5649719
  23.5358372  26.4724770  17.6094666  23.1849937  25.8536816  18.2499638
  24.4811096  26.4626102  17.7597809  61.6605530  23.6449261  17.7673912
  62.6005173  23.4669971  17.7351513  61.4717598  23.7674904  18.6977501
  47.4300995  58.0820808  14.4488049  47.7976036  58.8068771  14.9546175
  48.1925964  57.5805206  14.1602535  62.4518929  48.3226013  17.4597168
  62.0898438  47.7604790  16.7747536  61.7897682  49.0020676  17.5867863
  24.6745567  51.5634079  14.9396858  23.7811565  51.8184395  15.1699600
  24.9976807  51.0991554  15.7118874  58.6199303  48.2447739  17.3052425
  57.9087372  47.7191277  17.6714802  58.5581665  48.1060257  16.3601685
  42.0585938  62.4959602  17.4896221  41.1242981  62.3293190  17.6143322
  42.1697159  63.4190369  17.7172527  31.6773109  47.7847900  14.5017223
  31.6226234  48.6795120  14.1659889  32.6145515  47.6300049  14.6194220
  50.4312210  46.8022079  17.6193619  50.0590363  46.7581635  18.5001392
  49.8437500  47.3864708  17.1400414  31.0014668  34.7959023  14.7916708
  31.3480778  35.6477776  14.5263348  30.9956207  34.8271370  15.7483435
  36.4795456  51.5426369  17.2356949  36.6096458  52.4831314  17.3572540
  35.6013412  51.3760986  17.5781288  48.2069168  60.2502975  15.7342644
  47.5137825  60.5608673  16.3167992  48.9445877  60.0671310  16.3160858
  59.9677429  41.8792076  14.8865557  59.2872314  41.3008499  14.5421267
  59.5691109  42.2867355  15.6554804  49.0898819  28.2784100  17.3829002
  49.9829369  28.3874702  17.0561161  49.0686455  27.3860798  17.7286301
  32.0317039  58.9948235  14.5531960  32.9195404  59.2241325  14.2786131
  32.0726814  58.0563011  14.7368460  47.5147514  55.7360687  17.0653820
  46.6835060  56.1737289  16.8817596  47.2791557  54.8165588  17.1887894
  46.9025192  46.9809570  14.5592384  46.6394310  47.1060295  15.4710360
  47.0249596  47.8681602  14.2214317  62.4039040  39.1462593  17.6575832
  63.0134888  39.3425140  16.9461632  62.4737816  39.8972931  18.2469006
  28.5478935  33.3400612  14.2720032  29.3446064  33.8554153  14.3980732
  27.8925877  33.7747688  14.8177481  44.6420174  49.7753258  15.5234451
  44.3019676  50.6547585  15.3585215  44.2937584  49.2454948  14.8063498
  25.8601456  41.4103012  17.0848713  26.5609512  40.8657074  17.4433632
  26.0834789  42.2995834  17.3597031  38.9021721  55.7408104  14.7718544
  39.7491684  56.0936584  14.4992228  38.9231339  55.7795486  15.7280397
  51.0678635  31.5172291  17.2563114  51.4820938  31.4781895  16.3942661
  50.9708061  30.6013680  17.5170975  34.7384491  29.4707069  17.0767632
  34.8737755  29.6506786  16.1464252  35.0331268  28.5672226  17.1912785
  61.8380280  42.9122849  17.4338417  62.1512604  43.8069878  17.5666027
  60.9086342  42.9478455  17.6601009  42.9183731  58.2682877  16.9794846
  42.8151131  57.3250542  17.1054916  42.2329750  58.5028000  16.3538132
  36.6816216  53.8350372  14.7988882  36.6385994  54.0673103  15.7264814
  37.3251114  54.4401169  14.4300632  39.2471848  36.5410728  14.8713646
  38.9050522  37.4343147  14.8353481  38.5055885  35.9902534  14.6206293
  62.0092773  43.6785812  14.6935453  62.0987320  43.9757385  15.5990429
  61.3085136  43.0272179  14.7233458  51.6250267  23.8920956  17.3252449
  51.3481331  23.0037994  17.5499458  51.8324318  23.8494053  16.3917599
  42.2080574  29.9555836  14.3470726  42.1329193  29.9517479  15.3013115
  42.2725601  29.0309219  14.1081791  35.3145370  40.2635994  14.7536039
  34.5183792  40.7831421  14.6420641  35.0039558  39.4129639  15.0637531
  37.6086082  36.3115959  17.5303383  38.3799095  36.5037460  16.9970436
  37.8431969  35.5197067  18.0141907  24.8449459  62.2119751  17.1847591
  24.2054863  62.7328644  17.6705551  24.4304028  62.0539780  16.3365707
  35.7100983  39.9831810  17.5943546  35.9703445  40.2223434  16.7048016
  36.1690941  40.6090050  18.1546192  56.3857346  32.4281425  17.5295944
  55.5865746  32.7047501  17.9779930  56.1098900  32.2642670  16.6277714
  23.7450905  58.3423843  17.4629383  23.8492107  57.5411835  17.9762287
  24.5174141  58.8658714  17.6767406  55.9839554  35.8092651  14.6792440
  55.8061028  35.9640503  15.6069517  55.1942253  35.3781090  14.3526545
  42.3522377  55.7849960  17.0373020  43.0979042  55.2080421  17.2026367
  41.8501472  55.3381538  16.3557816  34.8598518  34.5062752  15.1560755
  34.1120644  34.0785065  14.7388706  34.9536896  34.0582771  15.9967442
  41.1137772  58.9647522  14.6822882  40.3522987  59.5441551  14.6563826
  41.8501015  59.5259056  14.4390450  39.0273170  60.4572296  15.0675116
  39.1479225  61.0525742  15.8072739  38.3929710  60.9005737  14.5042286
  26.6336803  60.4020615  14.5575600  27.1972389  61.0214615  15.0212145
  27.1823883  59.6281891  14.4299803  27.2659721  45.2747498  14.0499430
  28.1143398  45.6974144  13.9163141  26.8150387  45.8366737  14.6801271
  32.6196556  56.0568810  14.8965588  32.7791824  56.3120422  15.8052254
  33.1890678  55.3002739  14.7567511  44.4399834  39.1937103  14.9092827
  44.2650871  40.1227875  14.7593985  43.5727615  38.7969208  14.9912367
  26.1690598  47.3490448  17.1627598  26.4263363  46.4439926  17.3386002
  26.5928192  47.5612373  16.3311138  23.5690117  45.7759209  14.2491159
  24.0984993  46.5729828  14.2728100  22.6647377  46.0879974  14.2827377
  31.1524334  23.7545834  14.5917311  31.0991383  23.1206684  15.3069534
  30.2490540  24.0414391  14.4581184  36.7357063  42.3922348  14.9740486
  36.0604935  41.7374611  14.7963190  37.4073524  41.9169846  15.4631910
  46.7560463  29.1994534  17.4683418  47.6721115  28.9268169  17.4160938
  46.3235970  28.4948559  17.9507923  54.0137100  35.0933876  17.7844677
  53.2727509  35.6988449  17.8096352  54.7725410  35.6342926  18.0031643
  32.4745026  41.0501556  17.3123341  33.1001549  41.7282906  17.5671368
  32.5867882  40.9641953  16.3656368  38.9081764  30.4178619  15.2857046
  39.2412376  30.3556614  16.1809330  39.0415306  29.5436935  14.9192638
  40.3231735  32.4987717  17.1659107  40.5213814  32.4488792  16.2307873
  40.4775543  31.6118450  17.4911213  28.6601963  50.0500793  14.1770945
  29.5776424  49.9423485  13.9262543  28.4976826  50.9896393  14.0931530
  32.0104294  28.3878441  14.7712708  32.9454117  28.3472195  14.5703039
  31.7326641  29.2444000  14.4466333  59.1182060  27.7701607  17.5142918
  59.4525719  28.6662941  17.4772072  58.1680183  27.8661957  17.4498272
  26.6479206  31.2969093  14.5202312  27.4571476  31.8042126  14.4567699
  25.9530811  31.9313889  14.3445463  60.0169487  30.2148495  17.4781933
  60.9277344  30.4864979  17.5918026  59.5162163  31.0291405  17.5274544
  35.0813255  59.5450592  14.7757235  35.8850365  59.0443077  14.6359892
  35.2836647  60.4200554  14.4445505  44.1905975  34.2343559  17.7878418
  43.2509613  34.4168472  17.7910633  44.2512550  33.2880707  17.9185905
  41.4783478  34.8143578  17.3569527  40.9436760  34.0227203  17.4175262
  41.3151703  35.1466293  16.4742279  45.6300354  41.5417061  17.3947678
  45.0941696  40.8026886  17.6827431  46.1249657  41.2024460  16.6489964
  54.2319412  52.7010727  17.5308857  54.9619179  53.3117523  17.4287167
  54.6432495  51.8369255  17.5483818  47.6668892  52.5701637  17.1830235
  48.4021797  52.6217003  17.7936993  48.0758972  52.5295563  16.3185616
  40.5036240  29.7279453  17.5049992  41.4309044  29.7501278  17.2685947
  40.4935608  29.4012070  18.4046516  32.3381233  37.5139999  17.1901760
  33.2035141  37.6104355  17.5877094  32.0129318  36.6779861  17.5241871
  27.1924305  37.3964005  14.9388161  28.0808544  37.7253380  14.8019304
  26.6402035  38.1775856  14.9067364  23.4995823  40.2679405  17.1454926
  23.7538357  39.3722801  17.3677120  24.3036232  40.7773170  17.2469120
  58.5640488  56.2753792  14.7820501  59.4936714  56.3047829  14.5558481
  58.1888657  57.0447807  14.3536892  23.7868156  43.7491264  17.7147884
  23.1290436  43.2299843  18.1774540  23.7450371  43.4378395  16.8105831
  23.7967625  57.6209106  14.8325005  22.8793888  57.8895111  14.7823792
  24.0514221  57.8058167  15.7364855  23.4835777  54.6882935  17.3958912
  22.7734699  54.9128571  17.9971809  23.1500187  53.9406433  16.8999119
  62.4592934  23.7345486  14.9824171  62.0347595  23.8414021  15.8336420
  62.6202202  24.6287212  14.6811008  59.6541824  54.1251030  17.6433792
  60.0136948  55.0121231  17.6566582  59.6328392  53.8891754  16.7159557
  37.1721992  62.3951874  14.5753212  36.3622246  62.8984795  14.4924755
  37.8541946  63.0565300  14.6925316  25.9913502  31.0094986  17.1067028
  26.2154846  31.0084095  16.1761150  25.4066334  31.7600918  17.2113552
  39.8078499  49.3006363  14.4141121  39.0411453  49.5407295  14.9344501
  40.2945786  50.1186562  14.3132439  28.6762638  45.2787704  17.6754436
  29.1924057  44.4761124  17.7500477  27.7872353  44.9755936  17.4912071
  48.5819740  23.1103077  14.5637817  48.8415642  22.8928719  15.4590845
  48.1801643  23.9762058  14.6345072  59.2311897  61.8492241  17.1480827
  59.1632195  62.7644882  17.4199371  58.3931541  61.4615707  17.4003773
  46.0237541  44.1666756  17.5226402  45.9074707  44.4570007  16.6179752
  45.8761635  43.2214279  17.4916821  28.3426189  24.4137421  17.5676346
  29.1784744  24.7070808  17.9303074  28.2712021  23.4989014  17.8400326
  45.1579742  51.6702576  17.5491295  46.1046944  51.8005333  17.6036968
  45.0568352  50.8415718  17.0808506  29.9611225  32.2035789  17.5278988
  29.8884506  31.3155251  17.8776302  30.8742275  32.2777596  17.2504635
  51.7664185  28.5117855  17.0786514  52.2512016  27.6912651  17.1678677
  51.5095024  28.5391884  16.1569805  27.1469269  28.2113266  16.8062801
  28.0797501  28.3468533  16.6398335  26.8899193  28.9561653  17.3497791
  51.6894150  53.3559036  17.5796585  51.2585106  52.5088310  17.6937618
  52.6247635  53.1538887  17.6030140  50.6977882  25.5182438  14.5768270
  51.3778954  24.8826561  14.3538647  49.8785362  25.0885296  14.3310556
  23.5455589  27.4103661  15.1594458  23.4413719  27.2816696  16.1022148
  24.4122772  27.8057194  15.0660200  26.3168678  35.0027809  15.4455957
  26.8043633  35.7610970  15.1238270  25.4084740  35.1811523  15.2022104
  35.0926018  28.3489418  14.5968151  35.9464760  27.9237041  14.5174332
  35.2829590  29.2841091  14.5229187  31.8779335  44.9714203  14.9629173
  31.5938892  45.8422585  14.6850891  32.5275841  45.1379471  15.6458902
  53.7247200  40.7928619  14.3417206  52.8364296  40.4371452  14.3670521
  54.2833595  40.0312767  14.1863480  29.7907124  28.6750507  16.6990433
  29.5570183  28.8891106  15.7958288  30.1654930  27.7957802  16.6475163
  59.4109840  62.5023422  14.4634647  59.5537224  62.1593933  15.3456469
  60.2901993  62.5894241  14.0951834  30.7567863  31.0846024  14.4957180
  30.1452198  31.2359486  15.2163515  30.2159786  31.1368046  13.7076607
  47.7197113  25.6809502  14.9230967  47.6731377  26.6293583  14.8023281
  46.8094673  25.3885555  14.8762760  39.6063499  52.1227989  15.0494833
  38.6951790  51.8369102  14.9841270  39.6307487  52.6670380  15.8365269
  44.3866577  27.6616135  16.2179127  44.7869606  28.1703625  15.5128126
  45.1282158  27.2963085  16.7004814  49.9150467  56.2522926  14.2354689
  49.4810219  55.9525223  13.4367247  50.3671379  55.4768219  14.5678701
  37.2722778  32.2939873  14.3728600  37.8450432  31.5710011  14.6287231
  36.3881836  31.9745636  14.5533457  41.2196846  40.9923325  17.2076969
  41.5446663  41.8809929  17.3522511  40.8720970  41.0065155  16.3159485
  43.4645996  47.8774872  17.4491367  43.9635239  48.4657974  16.8823929
  43.1790390  48.4305229  18.1763496  61.3236389  56.2029228  14.6259022
  61.2637749  55.2699928  14.8315496  62.2393608  56.4265709  14.7922373
  30.2149925  42.7819786  17.8371143  30.1628895  42.1104927  18.5172768
  31.1483650  42.8460045  17.6347561
   0.1826504   0.2367259   0.1264662  -0.5394637  -0.7635541   0.3444707
   0.4712106  -0.2689221  -0.4620314  -0.1224739   0.1419484   0.1018417
  -0.2594831  -0.0162967  -1.0665183  -0.7233219  -0.3575995  -0.1163808
   0.5206225   0.0805838   0.0918514  -0.2193267   0.7803969  -0.2641239
   0.3947915   0.3644773  -0.4484041   0.0212563   0.1408855   0.5395489
   0.1988612   0.0009741   0.5929662  -0.3190581  -0.9343097   0.5802450
  -0.2510590  -0.3258061   0.1585927   0.4712865  -0.0656322   0.5695447
  -0.5029728   1.1077950   0.9140438   0.0706320   0.2138031   0.2583075
  -1.6761996   0.0669911  -0.1791371  -0.1935757  -0.8147122   1.3157791
   0.0274049  -0.1040300  -0.2924450  -0.1739794   0.3118501  -1.4352532
   0.5443443  -0.6817088   0.2120042  -0.1273179  -0.1412541   0.1943618
   1.0555990   0.5087913   1.1938210  -0.2323638   0.4946834   0.4583300
  -0.0785637  -0.1430896   0.0528792  -0.4409326   2.0320484   0.5404110
   0.7595541  -0.7271874   1.0195069  -0.1392361   0.1866692   0.0019918
   0.0965170   0.3113191   0.1807284   0.2192574  -1.0109027  -0.0781070
  -0.0617706  -0.1218337   0.2617794  -1.1437168  -0.2906640  -1.3404329
   0.4117609  -0.2790692  -0.2464831   0.2073448   0.1490835   0.1836437
  -0.3330913  -0.1969128  -0.8427900   0.2634072   0.6690493  -1.5686354
  -0.2113334  -0.0109045  -0.0134279  -0.6691313   0.6342613   0.0578791
  -0.6949021   0.3784074  -0.3544457   0.3364903  -0.1550351   0.1228371
  -0.0610725   0.1887209  -0.5333080   0.2668084   0.4930093  -1.7003798
  -0.1620747   0.0582495   0.1515136  -0.7701479  -0.0920303  -1.3189099
  -0.1992498   1.3128636  -0.0593391  -0.1441239  -0.1715435   0.0793472
  -1.3144376   0.1634071   0.7897595   0.3350947  -1.0064744   0.1705361
  -0.3512157   0.2048428   0.2825356   0.8747466   0.0069334  -0.7215941
  -0.5896219  -0.0901027  -1.7292627   0.2100677  -0.0770323  -0.0622350
  -1.2210558  -0.4943768   0.3981908  -0.0181764   0.9481824  -1.0838215
  -0.0697797   0.0838034  -0.1242852   1.3611813  -0.3739277  -0.7465751
  -0.0370534   0.8416799  -0.3512815  -0.0411485   0.2308218   0.1116885
   0.5661355   1.1357249   0.9137937   0.2015402  -0.7534109  -0.6206570
   0.0177539  -0.2602116   0.1599096   0.5454637   1.0877344   0.1658011
   0.6531460  -0.4747363   0.7459894   0.1325986  -0.0680841   0.1811487
   0.5626987   0.5510090   0.5012926  -0.5791886   1.8566039   0.2669625
  -0.1005891  -0.0955459  -0.1691437  -0.7335344   0.1502475  -0.0999453
  -0.5017793  -0.2382090   1.0317638  -0.1708699  -0.1377207  -0.3925531
  -0.6861823  -0.7788776   0.3860557   0.7253103   1.0027341  -0.2453935
   0.0770106  -0.0220854  -0.0027390   0.0504606  -0.5872506  -0.6736757
  -0.3960981   0.8270859   0.7519635   0.1505435   0.3710522  -0.2079144
  -0.9372195  -0.2112510   0.4046444   0.3962937   0.2675944  -0.0426574
  -0.2775750  -0.1619555   0.1264985   0.5277775  -0.0667961   0.1541493
  -0.0269217   0.4347586   0.8108702   0.0659795   0.1186317  -0.0159421
  -0.2667062  -0.9476080   0.6123651  -0.3215152   0.4358915  -0.1126382
   0.0311332  -0.1557275  -0.1796437   0.6247463  -0.2903547  -0.1026486
   0.4925211   1.1267500  -0.0515281  -0.2287388   0.0536040  -0.2637190
  -0.4417704  -0.2980163  -0.4410534  -0.8292897   0.7144018   1.0468012
  -0.0443181   0.1042073  -0.1420797  -0.4078135  -1.0362000  -0.2852395
   0.1543375   0.1320557  -0.4853371   0.2324466   0.0991206   0.2589334
  -0.2486943   0.7578362  -0.2732459   1.0960072   1.0897982   0.2426441
   0.1135958   0.0479225   0.0036603   0.9518656  -1.6604871   0.3529794
   0.7517534   0.1622209   1.1651788   0.1680816   0.1138192   0.2399612
  -0.8032220   0.2391743   0.5892759  -0.3511993  -0.9501332  -0.7332786
  -0.2837644  -0.1760775   0.1309052  -0.0047882   0.6551527  -1.1462444
  -0.5302680  -0.4096096  -1.0722061   0.0599085   0.1114954  -0.2331095
  -0.2700274   0.7788502   1.6197592   0.1308263   0.0425789  -0.3857025
   0.1535574  -0.0375469  -0.2289566   0.1913612  -0.3643685  -0.3286919
  -0.8689470  -1.5998257   0.2380324   0.0703407  -0.0568436   0.0667772
   0.0434983  -0.9338668   1.4839969  -0.3490871   1.3453603   0.4902410
  -0.2935407   0.1620640   0.2339008   0.7712563   0.4166249   0.6667049
  -0.2774157   0.7134782   0.6962520  -0.2289351  -0.3567293  -0.2099027
   0.3582395  -0.8771928  -0.9696439   0.4920601   1.3699960   1.4791448
  -0.2219921  -0.0490831   0.2368843   0.1315527  -0.5671371   0.4680628
  -0.7455465  -0.1455543   0.2172269   0.0400843   0.1118505   0.2213625
   0.1391119  -0.8333857   0.3106042   0.5541245  -0.4921908   0.3006120
   0.0752038   0.1376953  -0.0909382   0.6813325   0.4825133  -0.3298939
   0.5942177  -0.4012554   0.1122714   0.0391655   0.0803066  -0.1607971
  -0.2664525  -0.7066114   2.1003337   0.2177187  -0.4648404  -0.1820014
  -0.3251204   0.0610458  -0.2734087   1.2363297   0.9511683   1.2499776
  -0.2158161   0.5108488  -1.0627187  -0.1993360   0.1230212  -0.2965564
   0.0392460  -1.5906032  -1.3510291   0.7311245  -0.3905682  -0.3375952
   0.3724050   0.1228649   0.0960991   1.4079161   0.6526147   0.6081681
  -0.7803753   0.3674767  -0.3897079  -0.1154977   0.2710374   0.4063738
  -0.5102531  -0.6671544   0.1181715  -0.3694950  -0.5917975   1.0251582
   0.2420075  -0.1511096  -0.1258006  -0.1141851   0.6504881   0.8770663
  -1.1226881  -0.5328605   0.8866535  -0.1868405  -0.0270839  -0.0928021
  -0.9713861   1.0574569  -0.1676598   0.9529428  -1.0568231  -0.8950225
  -0.2334006   0.0067418   0.0774883   1.0094237   0.3045162  -0.9433620
   1.0914421   0.7359510  -0.4009575  -0.2676669  -0.2582113   0.1324449
  -0.2155687  -0.2391667   1.1313949   0.2948970  -0.7247951  -0.1480673
  -0.0882654   0.0969252   0.0678952  -0.6881612   0.4262677   0.1993484
  -0.2195444   0.1598417  -0.5592602  -0.1235340   0.0340716  -0.0800990
   0.4746508   0.0134051   1.7406950   0.2470075   1.0933778   1.5348723
   0.0233585  -0.2204541  -0.0541300  -0.3584306   0.3788164  -0.8670132
   0.0639054   0.1991556   0.7858629  -0.1557764  -0.0546966  -0.1737495
   0.7728167   0.2243342  -0.1956023   1.7480618  -0.0902933  -0.2943268
   0.1026761   0.1219576   0.0668793   0.4136657  -0.3542408   0.4456490
   0.7180011   0.1601904   0.3411270  -0.0845632   0.2310128   0.1857055
   1.7395155  -0.8590486   0.2885971   0.2513725   0.9066367   0.7450129
  -0.0336711   0.1186723   0.0527664  -0.1226542  -0.1892460  -2.5836715
   0.4500296  -0.7378898  -0.1517371   0.1989170  -0.1085266   0.1480204
   0.1507009   0.8929734  -0.3748350  -0.1765763   0.6771057   1.0176919
   0.0092170  -0.4176908  -0.1135358   1.4805974   1.6323777   1.5550007
  -0.2620618   1.0854293   0.6392495   0.0976931  -0.0915400  -0.0531945
  -0.4670580   0.5699097  -0.6139883  -0.6404176   0.8707279   0.0281224
   0.0275206  -0.0424452  -0.0372578  -0.7488679   0.4170122  -0.9921101
  -0.9668367  -0.2774919   0.8916644   0.0473314   0.4446581  -0.0124807
  -1.1888390   1.1839686   0.2058464  -0.3831434  -0.8732157  -1.2981567
  -0.1453810  -0.1231645  -0.1300979   0.5684077  -0.7847575   0.8411033
  -0.2332589  -0.7337196  -0.4136383  -0.0645917   0.0170003  -0.0769524
  -0.4489179  -1.2715821   0.7787855   0.4348492  -0.8743316  -0.6765258
  -0.0238094  -0.1819334   0.2334649  -1.0766082  -0.2776572   0.8371093
   0.4024035   0.5252185  -0.6014954   0.1520400  -0.0601969   0.0489816
   0.8678787  -0.8320959   0.0045518  -0.0782517   0.1255993  -1.1556688
   0.0199373  -0.1765352  -0.0041259  -1.0285531  -0.1999785   0.7263186
  -0.3022868   0.5089715   1.1518023  -0.1247060  -0.2719311  -0.0843345
  -0.0247347   0.4782889   0.8153846  -0.5929808   0.7734157  -0.4588734
  -0.0594377   0.2497622  -0.1415484  -0.5478303  -0.1994644   0.1014538
   0.2237988   0.8309574  -0.3518096  -0.4315039   0.0281155  -0.2241318
   0.4527099   1.0718345   0.0121052  -0.6460831   0.1723081  -1.2152022
  -0.0320212   0.1048898  -0.0427514  -0.1996528  -0.6949921   0.7329862
  -1.2114748  -1.4602725  -1.7205866   0.2933277   0.1788094  -0.2212857
   1.1676923   0.2913296   0.2418086  -0.5728660  -0.1420617   0.6008456
  -0.1187657   0.0005334   0.1203039  -0.4654214   0.7614388  -0.0487360
   0.1717990   0.8620983   0.8597699   0.1223569  -0.3275454  -0.1965938
   0.3126833  -1.0132625   0.0982049  -0.3913419  -0.1461852   0.9490321
   0.3424920   0.0778577  -0.0164616  -0.4384476   0.2473129   0.6975164
   0.3539965  -0.4311910  -0.4230067   0.0415303   0.0556140  -0.1649118
  -2.3170453   0.2969651   0.3477567  -1.1202877   0.9450121  -0.9488414
   0.0684305   0.0819492  -0.1146815  -0.3621171   0.1640592  -1.6705674
  -0.7976905  -0.1969101   0.2455305  -0.1187762  -0.0680941  -0.2956046
   0.8647075  -0.0691969  -0.7856354   0.9933858   0.4243830  -0.1087397
  -0.4617590   0.0414877   0.1790090   0.0008362   0.0878843  -0.1511275
   0.4362197   1.2762159  -1.3906828  -0.1571618  -0.1664397  -0.0783082
  -0.1995218   0.1763526  -0.8278866  -0.2125566   0.2514612   0.1041754
   0.1809870   0.0961918  -0.0631306   0.0925785  -0.3761087   0.9381873
  -0.5795598   0.8305356  -1.1382617   0.0273123  -0.3907143   0.0980248
  -0.0224024   1.6797068   0.7235852   1.2022437   0.4020305  -1.2293271
  -0.0826417  -0.0808399   0.0863197  -0.9127088  -0.8589763   0.3269650
   0.3917773   0.7024333   0.3182104   0.0049846   0.0151033   0.0018367
   1.0174093  -0.2082695  -0.6427223   0.9890275   1.1104791   0.0599305
   0.2917104  -0.0776265   0.3479857  -1.0748444  -0.2038903   1.0061841
   0.0826158  -0.4220414   0.2991246  -0.1166954  -0.3205828   0.2819558
  -0.1103280   0.6259790  -0.1664925  -0.4392137   0.4405193  -0.3254455
   0.1304191  -0.1039160   0.1163495  -0.0034925  -1.0118859   0.8599568
   0.0597703   0.8832249  -0.0721503   0.0393666   0.0836260   0.2962858
   0.1241337  -0.6036857   2.0358250   0.1514975   0.7690165  -0.6530806
   0.0571354   0.4156069  -0.1308622  -0.9446426   0.2220262   0.3516447
   0.2101295  -1.6711050  -0.4633176   0.1053534   0.0824162  -0.3208920
  -0.2895707  -1.3965582  -0.3716434  -0.1261986  -0.3766718  -0.3069841
  -0.4045670   0.4903602   0.0184433   0.0671711  -0.9329364   0.9157644
   0.3148968  -0.4573657   0.2129805  -0.0002264   0.1322098   0.1870134
  -0.6896147   0.4380102  -0.5539174   0.7398501   0.3278066  -0.4063263
   0.1122257   0.0246694  -0.1592403   0.8298311   0.6835871   0.3551238
  -0.4450472   0.5281594  -0.2056796  -0.2607735   0.1298363   0.0193647
  -1.0712477  -0.6152240   0.2122013  -0.7193958   0.1863009  -1.4035363
  -0.3870758  -0.0289325  -0.3223185  -0.6489323  -1.0118501   0.0463903
   0.3096130   0.4766882   0.8004192  -0.2481311   0.1640464   0.0062469
   1.1017814   1.4402432   0.8982480  -0.4660755   0.3482903  -0.4009799
   0.3275161   0.2613020   0.0545651  -1.2992594  -0.1460761  -0.0314294
   0.7849822  -0.0573169   1.0495828   0.0372609  -0.0985100   0.3925942
  -1.0865632  -0.0771810   0.4349906   0.2809613   0.0248599  -0.0453374
   0.1302773  -0.0722826   0.4538310  -1.5976766   0.3332080   0.1234355
  -0.4952551   0.2923319   0.2347614   0.3832423  -0.4791420  -0.3174349
  -1.0890954  -0.5929155   0.1392883  -0.0592607  -0.1410085  -0.8615727
  -0.2625306   0.0991795   0.1571349  -0.1130409  -0.4011497  -0.4011286
   0.1872481  -1.1993949   1.1957411   0.2364734  -0.1134230  -0.0810464
  -0.3229892   0.8100246   0.5250949   0.7432705   1.1392866   1.7741597
   0.0209478   0.1641095   0.1033793   0.6250030  -0.9572332  -0.1892304
  -1.3846547   0.1796716  -0.1703851  -0.2101843   0.0338099   0.1169174
   0.5475190  -0.5471344   0.5437813  -0.4828715  -1.0808732   0.3425139
   0.0465943   0.2657772  -0.1293206  -0.2009772  -0.3109945  -2.0714238
  -0.6879477  -0.1988339   0.1102333  -0.0127418   0.1225749   0.0739980
   0.8225033   0.4357238  -0.4556704   0.3971111   0.7666960   0.0223366
   0.4832839   0.0960559  -0.1549490  -0.7548761   0.7961869   0.2489672
  -0.0400008   0.4275832  -0.0721085  -0.4785008  -0.0292852   0.0284722
   0.6188932  -0.7388898  -0.0667271   0.8782082  -0.1011433   0.8341860
  -0.0510925   0.1217591  -0.2973314  -0.4201870  -1.6228816  -0.0894496
   0.4582078  -0.9941057   0.4650886  -0.1586242  -0.3410227   0.3393095
  -0.3349606   0.1147578   0.1647338  -0.9613581   0.9576150   0.2785541
  -0.0697933   0.3257320  -0.1466619   0.0690981   0.4176691  -1.3912255
  -0.3093665  -0.5367613   0.1597960   0.3416198   0.1548563   0.2048546
  -0.8345922  -0.0019904  -0.2403381  -0.9726936   0.5386027  -0.4580652
   0.2083045  -0.0623690  -0.2525231  -0.3611692  -1.5883981  -0.8259079
  -1.0895654   0.2571810  -0.1683024   0.0522163  -0.1107280   0.0138513
  -0.9794667  -0.5625565   2.1332748  -0.8597703  -1.0246230  -0.3986182
  -0.1250637  -0.0382021   0.1596295   0.6166528   0.7136304  -0.1920706
   0.9300193   0.2439785   0.5677721  -0.3315801  -0.1130220   0.2596229
  -0.2797543  -0.5173223  -0.9214981  -0.1841257  -1.8395364  -0.5449544
  -0.2701336  -0.1439254  -0.2349796  -0.4218320  -1.0632343   0.8227910
   0.1615317  -0.5956055   0.0265879   0.0996747  -0.1710135   0.0773095
  -1.3358623   0.0705713  -0.4238369   0.6189387   1.0944808   0.3204122
  -0.1102600  -0.0130979  -0.0075830  -1.0559386  -0.7932725  -0.5999695
  -0.4409163  -0.7420328  -0.4852994  -0.0247685   0.0501527   0.2233094
  -1.6399166  -0.6086046   0.2655431  -0.2824735   0.2490618  -0.5424580
  -0.0544710  -0.0831801  -0.0769961   0.3081525   0.4397906   0.5133621
  -0.7726158   1.1059257   0.0624524  -0.0806854  -0.2781924   0.1261218
  -0.6756992  -0.4052474   1.3586724  -1.2548553   1.6967155   0.5581471
   0.4198834  -0.0677276  -0.1432879  -1.7273576   0.6877784   1.1928050
  -0.4383215  -0.2417650   0.5042319   0.0328721   0.2993330   0.3603589
   0.0633035  -0.1925150   0.2274166  -0.5874507  -0.0384176  -0.0887444
  -0.3005764  -0.0017003   0.0203126  -0.1298410  -0.8922804  -0.0530017
   0.1817437  -1.7789687   0.0907205   0.1245888  -0.0832907   0.1703138
  -0.3215593   0.4913308  -0.4046159  -0.3037298   0.3478460  -0.4254951
  -0.1257425  -0.0130377  -0.2337613  -0.1486925   0.4465322   0.2058158
  -0.3555283  -0.9870120  -0.0921011   0.1264456  -0.2275027   0.0866576
   0.3567614   0.0317011  -0.3479792   0.1950725   0.4260590   0.2664350
  -0.2455626  -0.0504385  -0.1420339   0.5404905   0.4554525   0.6440573
  -0.7839684  -0.1995040   0.8852048  -0.2398146   0.0146449   0.1616391
  -1.1070727  -1.2722790   0.0228639   1.0880827  -0.3292213   0.4304848
   0.1396652  -0.1026954  -0.1891011  -0.0576155  -0.3935251   0.8044423
   2.1185603   0.6329028   0.6166287  -0.2418997  -0.1899653   0.0926008
   1.2078392  -0.3217617  -0.0423559   0.5073384   0.9391822   0.9307719
   0.1160242  -0.4596586  -0.1950745  -0.2343677   0.2708725   0.4920829
  -1.1612046   0.7550018   0.3849199   0.1351896  -0.3169913  -0.0739088
  -0.1682212   0.5609037   1.0130937   0.0501137  -0.1556391  -0.0577096
   0.1769914   0.0272599   0.6487810   0.2027930  -0.9914065   0.3048949
  -0.7527133   0.3164436  -2.7691031   0.2186622   0.0133870  -0.1121842
  -0.2618772  -1.1965413   0.7165909  -0.3468226   0.5505051   0.9575889
  -0.1199712  -0.3450165   0.2776739  -0.5309964   1.6156364   0.2617709
  -0.8373278   0.8042144  -1.3370066  -0.5439266   0.1344879   0.0494303
   0.8435208  -0.4315819  -0.6153361  -0.4956526   0.5659109  -0.6234056
   0.1468533   0.2021660  -0.0185404  -0.5331755  -0.3010126   0.3508664
   0.1397003   0.2128503  -1.0286295  -0.0617302  -0.0558584   0.3415840
  -0.4870909  -0.8067951  -0.3741580   0.8737444   0.4314295   0.6795259
  -0.2851363  -0.0564256  -0.0473525  -0.6348928   0.3896585   0.3649351
  -0.5261471  -0.7024674  -0.6827547   0.0710691   0.1282686  -0.2675373
   1.0048067  -0.7578274  -0.3872676   1.0577852  -0.9243989  -1.0822549
  -0.1895775   0.3044952  -0.1929034  -0.7629675   0.1106978  -0.5747634
   0.1735176  -0.5199064  -0.4674524   0.3824334   0.0695195  -0.0671736
   0.8836898   1.2690676   0.4661524  -0.2880020  -0.8397357   0.5302036
   0.1492366   0.2653094  -0.1984849   1.4889579  -0.3963892   0.4552703
  -0.8666050  -0.3423450   1.0392396  -0.4303470   0.0927052  -0.0156649
  -0.6212127  -0.5317914   0.2106805   0.2698857   1.1146742   0.1930461
  -0.1282244   0.2705974  -0.0102472   0.7226132   0.0725160  -1.5356034
  -0.0281885   1.1875214  -0.0613790   0.3167169  -0.0916643   0.0139699
   0.4528756  -1.5276985  -0.7964780  -0.1147219   0.9706392   0.9507005
  -0.1275963   0.2186061   0.2046998   0.1273949  -1.0446696   0.3913927
   1.8969904  -0.5382319  -0.0195902  -0.1663030   0.1406126  -0.1284093
  -0.6188859  -0.3095147  -0.8983972   0.8042521   0.2132984  -0.0654122
   0.0876676   0.2090366  -0.1710301  -0.0826189   0.4100661  -0.0306522
  -0.1108690  -0.0809853  -0.7370515  -0.1712742  -0.0926887   0.1183603
   1.3685300   0.0255706   0.2234403   0.3905931   0.0680465  -0.4055548
  -0.1813807   0.0568260   0.0270606   0.6060345   0.3057677   0.5088589
  -0.2552747   1.4676340   1.1183547  -0.1742258   0.0899146  -0.1012592
  -0.8442427  -0.6726734   0.5204081   0.5127677  -0.2382931  -0.5544353
   0.3391603   0.1675794   0.2905687  -0.1696849   0.3344640   0.3399416
  -1.3184119  -0.5922242  -0.1690738  -0.0897977   0.0280578   0.0882356
  -0.0058976   1.8338051   0.4331736   0.0412494   0.7855114   0.8625184
   0.0535436   0.2454427  -0.3325585  -1.4166342   1.2831851   0.0227114
  -0.5063580  -1.5105106  -0.5622567   0.1153394   0.0613727  -0.0134730
   0.2753411   0.0721518  -0.6364899  -0.4205697  -0.3913971   0.3825589
   0.0180016   0.2046573  -0.2055534   0.4343765   0.6694290   0.1975779
   0.8483148  -1.9513119  -0.6329953  -0.1452125   0.0572606   0.3123880
   0.0031853   0.2159205  -1.6972977  -0.4573498  -0.2724282  -0.3008934
  -0.2084390   0.4270863   0.1408692  -2.2339306  -0.8085408   0.4698367
   0.9007725   0.6758119   1.3230574  -0.0614367   0.0012312   0.0073671
   0.4287721  -0.5752403   0.1031400  -0.3034838  -0.0681690   1.0357183
  -0.3199582   0.0635211  -0.2130507  -0.1881468  -0.1246902  -2.3597840
   2.2824633   0.4458604   0.0353419  -0.0854411  -0.1699011  -0.0536776
   0.7848911   1.1632657   0.6172866   0.1900547  -0.2637939  -0.5954010
  -0.1560688   0.0664403  -0.0553343  -0.7135199  -0.6811769  -0.0660588
  -0.2914348  -0.0358374  -0.8419081   0.2541330   0.2800017   0.1610468
   1.2585014  -0.5277188   1.0291684   1.6834272  -0.4423387   0.7759682
  -0.0549387   0.2384123  -0.0045738   0.9588603  -1.3551340  -0.0469951
  -0.1339730  -0.0745676   0.3195354  -0.3517872  -0.0203696  -0.0096829
   0.8990291  -0.7171501   0.4363042  -1.0610225  -1.0650162  -0.1404474
  -0.1094001  -0.0782849  -0.0332995   0.4038272  -0.2578149   0.8522823
   0.9561075  -0.2338981   0.5596100  -0.2279281   0.0528748   0.2541142
   0.0171107  -1.0974123  -1.2901234  -0.2246752  -0.1222516   0.2621115
  -0.0172616   0.2214311  -0.0684337  -0.3344206   0.5536915  -0.3498906
  -0.2248497   0.6845286   0.3473145  -0.0821749  -0.0815114   0.0586395
  -0.5845483   0.8503378  -0.0150257  -0.7356127  -1.5079992  -0.2229150
  -0.2716606  -0.2577277  -0.0075958   0.6661401  -1.2074635  -0.6052746
  -1.0177487   0.4560056   0.7677797   0.2123840  -0.0727936  -0.0445242
  -1.1781009   0.8358907   0.9637902  -0.7252526   0.7769940  -0.2912433
   0.0713979  -0.1620509  -0.0310047   0.2711528   0.0959737   1.4815293
  -1.4610519  -0.4916073   0.7042863  -0.1443194   0.0943830   0.1662889
   0.7922927  -0.8899484   0.0486151  -0.6435418   0.1763094  -0.9128739
  -0.1142746  -0.1005084   0.0848181  -0.3805846  -0.6979151   0.0229427
   1.1213180  -0.5397569  -0.7241764  -0.1841027   0.0700161   0.0447556
   0.7304048  -1.2880039   0.2481859   0.0489085  -0.8028930   1.3135771
  -0.1656037  -0.2169571   0.0769660   0.4700730  -0.7904350  -1.4292733
  -0.7131512   0.0720195  -0.3999999  -0.3303097  -0.2665364  -0.1290003
  -0.0048363  -1.7905923   0.2614197   1.5514683   1.4540055   0.0793481
   0.1070397  -0.2316300   0.1625213   0.0572240   1.0179234   0.0045684
  -0.3604916   0.5200853   0.4157643   0.1339575   0.1347045  -0.0117716
   0.1431220   0.5026298  -0.4430111   0.4138162  -0.7516667  -0.9255382
   0.0830992   0.6240262   0.1621839   0.7993456   0.5130770   0.1144319
   0.3731369   0.8180917  -0.1473650  -0.0876011   0.3577194   0.1808344
   1.4237750  -1.4639399   0.9438382   0.5452946  -0.3991080   0.2607865
  -0.1377671   0.1070401  -0.4936440  -2.3540771  -1.4185665  -0.0535453
  -1.2507710   0.3296012   0.8262536   0.0417252  -0.2102497   0.0830656
  -1.3618713   1.4251860   0.2340910  -1.0510827   1.2414814   0.7588228
  -0.1885628  -0.2357953  -0.2171351   0.0065711   0.3594488   0.8723216
   0.4374136  -0.2039611   0.0703234   0.1794763  -0.3215517  -0.2073456
   1.3283338   1.5174219  -0.6482719   0.3332983   0.0740505  -0.0438909
  -0.1160817   0.0259442  -0.1569922  -1.1646170  -0.2223720   0.0290874
  -0.6562174   0.6491051   0.2700045   0.3216922  -0.0013771   0.0859829
   0.2018761  -0.2283904  -0.1017923  -0.0076902  -0.1759531  -0.2210451
   0.1388747  -0.2765069   0.2035981  -0.4401794   1.0962358  -0.2921180
   0.1518228   0.5602088  -0.5561163  -0.0832024  -0.1877870  -0.0004395
   0.3931701  -0.1601351   0.0547219   0.6604639   0.2711189   0.5458651
   0.0464235   0.0520177  -0.0337446  -0.1580528   1.1752407  -0.7049354
  -1.3628201  -0.2400356  -0.0679430   0.2597892   0.2818392  -0.2791164
   0.7805312  -0.3910652   0.1823134   0.6439701  -0.4404883   1.9509371
   0.3463259   0.3197204  -0.1366566  -0.1876727  -0.9871930   0.3264425
   0.3102115   1.4116587  -0.9283070  -0.0784041   0.0697071   0.0183072
   1.2288346  -1.2921620  -0.7982659   1.3070170   1.2465498  -0.1387499
   0.1391318  -0.2208078  -0.0494354  -1.0784769   0.8532688  -1.4977417
   0.7910265   0.6858662   0.5680768  -0.0685268   0.0232302   0.2097444
  -0.5176621   0.5374695  -0.6732205   1.8989330   1.4242781   0.6941481
  -0.0009696   0.1594904   0.0936872  -0.1454133   0.2617109  -0.5620150
  -0.0731536   0.4916737  -0.4949016   0.1183768   0.1066417   0.0830387
   0.4988349   0.3151242  -0.0979492   0.6541496   0.0372384  -0.1351855
  -0.3724479  -0.2507363   0.2535414   0.2662582   0.5207589   0.2800492
   1.5701489  -0.2740895   0.0864176  -0.2437505  -0.0089450  -0.1221633
  -0.1930017  -0.6468038   0.2086188  -0.5522990   0.7207605  -0.1978221
  -0.0071087   0.1238139  -0.1113692   0.8418281   0.0692147   0.6556325
  -0.3584876   0.4906708   0.6076520   0.1535959  -0.2242546   0.1964712
  -0.3319701  -0.3830971   0.3344725   0.1538458   1.3235713   0.4740205
  -0.2299307   0.1342682   0.1409884  -1.1014488   1.6193179  -0.4806873
  -0.1636250   1.2739622   0.5512880   0.0388656  -0.0843450  -0.0550992
  -1.2837399   1.1227975   0.3257424  -0.2723184  -0.6271091   0.0403845
  -0.0472150  -0.1060848   0.0559081   0.2225542  -0.3658973  -0.2778898
   0.7852030  -0.9549153   0.2227415  -0.1977219  -0.0224991  -0.0188055
  -0.3880500  -1.1033081   0.6630526  -0.1303782   0.7967335   0.5798398
  -0.1164352   0.1919891   0.0025168  -0.3671014  -0.7690164   0.2588900
  -0.2401318  -0.6078935  -0.7291399  -0.3344817   0.1440065   0.2882451
   0.0690492  -0.9782559   1.1594456   0.0122150  -1.5588752   0.8591977
   0.0533192  -0.3898517   0.0012913  -0.4803410   1.2626304   0.1911161
  -0.6390197   0.5038797   0.7507354   0.3088750  -0.1106831  -0.4737384
  -0.9354994  -0.4369361   0.2837244   0.0262476  -0.0628557  -0.0139361
  -0.0116068  -0.0711524   0.1207070   0.5276942  -0.1394239   1.8425626
   0.3470627   0.9635009   0.3973071  -0.0321759   0.1618812   0.0576587
  -0.0438540   0.1574934  -0.8074099   0.0858945  -1.0927088  -0.2877840
   0.2460072  -0.1128115  -0.2643823   0.8993079  -0.7123601   0.4170762
   0.3792044   0.7860600   1.4178299  -0.3120777   0.2407689  -0.0303361
  -0.5172913  -0.5559076  -1.2899459   0.7500180  -1.3213140  -0.7288674
  -0.1356683  -0.0731813  -0.0071273  -0.1729053   0.5457341   0.9472873
  -0.9823515   0.1379439  -1.8254713   0.1404619  -0.3001132   0.0603184
  -0.9124356   1.3262684  -0.4305456   0.8971682  -0.2375154  -0.6021244
  -0.3521680  -0.1258005   0.0558999   0.3462888  -0.4821907   0.6477926
  -0.7984392   0.1495932   0.1060501   0.3462994   0.1704655   0.0952681
  -0.2471119  -0.4035409  -0.2427996  -0.9515521  -0.9062762  -0.7056591
   0.1363418  -0.0440548  -0.2069409   0.4746979   0.0623880  -0.8356064
  -0.4339402  -0.2380030  -0.4627051  -0.1067078   0.1503708  -0.1374209
  -0.5759006   0.0477640   0.7741199  -2.3286938  -0.4702766  -1.2208525
  -0.0958020  -0.1961754  -0.1018580   0.6051209  -0.6513778  -0.0858090
   1.0383083   1.6716627  -1.1394948  -0.1668604   0.2483332  -0.1214887
   0.5854756  -0.3407912   0.3968378   1.1325313   0.2255257   0.0511428
  -0.4900082  -0.0840986  -0.3879358  -0.4990836  -0.5232591   0.4100807
  -0.2759915  -0.7820727  -0.5600487   0.0475199  -0.1178922   0.3372502
  -0.3594905   0.7567443   0.7717585   0.3348325   0.5574315  -0.3588265
  -0.4252444   0.2867932   0.2551475   0.5728340   0.2795930  -0.3918142
   0.7431512   1.2132756   1.0468937   0.0449541  -0.1927336   0.0735830
  -0.8273047   0.6291314   1.7644022   0.8256993   0.4785762  -0.5193499
  -0.1097284   0.3291098   0.0117969   0.3389003  -0.3219184  -0.3528823
   0.6026995  -0.2889668  -0.5727694  -0.0126255   0.4715344  -0.1532584
   0.2220763  -0.7209143   1.8551505   0.3505816  -0.7081701  -0.3883570
  -0.3192911   0.1098623  -0.2912231  -1.0420900   0.6277425   0.4898267
  -0.1185484  -0.4204823   0.2549950   0.1004506  -0.3541219  -0.2093214
  -0.0285740   0.1428144  -0.0668924  -0.0394315   0.8515574   0.3494619
   0.0078906   0.0911168   0.1775736   0.1932090  -1.3915568   0.2830293
  -0.4186845  -0.6441430  -1.5138566  -0.0096966  -0.1484303   0.0056061
  -0.3973772  -0.0189561  -0.2715684  -0.8284048   1.7588504  -0.5555520
  -0.0772645   0.1312933   0.1633366   1.1361105  -0.3612347   0.7077487
  -0.7454242   0.5230212  -0.0356474  -0.3746454   0.0844784  -0.1049297
  -0.3378093   0.0016789   0.8351183   1.3345540   0.3229892  -0.4638046
  -0.1273211  -0.1258336   0.1893428   1.5215053   0.8789122  -0.0335831
   0.5737247   0.6461943   0.6835804   0.1294533  -0.2654948  -0.1264410
  -0.0724536   0.4246843   0.1402041   0.2509983  -0.0467406  -1.9913102
   0.3704904  -0.0212259  -0.0667368   0.8524599   0.1452914   0.4226924
  -0.5435318  -0.6959751  -0.6005604  -0.0199215   0.0535190  -0.2584454
   1.6383295  -0.0095074   0.0963226   1.9978087  -0.5210394  -0.2585475
   0.1773836  -0.3045039  -0.0496547  -0.0649777   1.4588526  -0.1650060
  -1.2813555  -0.0367860   0.9862079   0.3232380  -0.0897688  -0.0485741
  -0.9009912   0.2867938  -0.8123601  -0.2759235  -0.8065528   0.2911945
  -0.0145344  -0.0763516   0.1784789  -0.0906096  -0.0200006  -0.8375830
   0.2185589  -1.1198833   0.5882326  -0.1125519   0.0356827  -0.0559446
   0.2769052  -0.1711447   0.2897543  -0.7543161   0.8254951   0.0881233
  -0.0826191   0.0040512  -0.0611734   1.5143931   0.6794038  -1.2818229
   0.1026007  -0.9551228  -1.0408198  -0.1248049  -0.3726502  -0.0072615
  -0.0147681  -1.3096249  -1.0768848   0.1860595   0.0201521   1.5375081
  -0.1341547   0.2172930   0.4088044   0.6438571   0.2813231  -1.0836156
  -0.5244270   0.4055099   0.3198926  -0.0238687   0.0228592   0.0683422
   0.8474761   0.0601868   0.6453181   0.0489279  -0.4414118   0.5267673
  -0.2064572   0.1904875  -0.0194784  -0.5912164  -1.0896638  -0.7367924
   1.1597153   0.0843366   0.7674840  -0.1580648   0.0507147   0.3671370
   0.5220080   1.2639795  -0.3124438  -0.2967064   0.7504232  -0.2781829
   0.1390437  -0.0650399   0.0083111   0.5496915  -0.2234194  -0.2021707
  -0.0005656   0.4388733   0.5387967  -0.0375948   0.3723740   0.0298834
   0.5060081   0.4954293  -0.6284114  -0.2384605  -1.3757416  -0.1533457
  -0.1210540   0.0031850   0.2187556   0.2930856   0.3536763   0.2351587
  -0.2706144  -0.7644764   0.9069310  -0.1179829  -0.1753285   0.1768614
   1.7868384   0.9031221   0.4726865   0.8445399  -0.6659918   0.4392429
  -0.1762191   0.0481834  -0.3154841   0.2735527   0.2392558  -0.0173620
   0.0515956   0.2355015  -0.8124989   0.1567223  -0.0621625   0.1997416
  -0.7694379  -0.6340404  -0.1378240   0.4974864  -0.3678954   0.2533485
   0.1273850   0.0576816  -0.0973255   0.7557250   0.1789774   0.1645411
  -1.9531188   0.2016296   0.5432465   0.0133551   0.0078762   0.2275805
   0.8247271   1.1246941   1.0165423   0.4771308  -0.6377160   0.3258453
   0.2432327   0.0196714  -0.0890242   0.6279925  -0.3557272  -0.3471435
  -0.8106034   0.1723656   0.3640352  -0.0292095   0.4394619   0.0313542
  -0.5911373  -0.5977276  -0.0869628   0.2038930  -0.9523125  -1.9490873
  -0.1200820   0.0485417   0.2060127   0.3064792  -0.2085776   0.1350449
   0.8214549  -0.9894306  -1.1051796   0.0676102   0.1674984   0.1678352
   0.7960484   1.4580567   0.4998400   1.1139551  -0.9573704  -1.1781579
  -0.1202216   0.1798482  -0.0708691  -0.5505206  -0.0732381  -1.3467871
  -0.4192031   0.1029217  -0.2559152  -0.3132128   0.3505015  -0.0511338
  -0.6165499  -0.8652119  -0.5397664  -0.0244519   0.3386053   1.4614999
   0.3755248  -0.0242546  -0.1726946   0.3824331  -2.1212888   0.5896975
  -0.1231316  -0.7068054  -0.1491060   0.1961400   0.3696259   0.0056384
   0.0419486   0.8829129  -0.0823217  -0.1162999  -1.3268584  -1.6682217
   0.1983075   0.1449863  -0.3758958  -0.5210398   0.9238931  -0.7864765
   0.6638395  -1.0996756  -1.8899699   0.0990043   0.1326915  -0.0464783
  -1.6669875  -0.0501247   0.4040824   0.7599242   0.6033369   0.0156761
  -0.1962963  -0.0301727   0.2587492  -0.0084057  -0.3544706   0.5465422
   0.4890433   0.4264861  -0.3808253  -0.0381732  -0.2275518  -0.4591085
   0.5380663   0.4572507  -0.2541017   0.3829363   0.8795637   0.3374586
   0.0058928  -0.2200263  -0.0407550  -0.1744851   0.2196077  -0.8077399
   0.6300160  -0.6330694   0.1931281  -0.1384981   0.2211510   0.2198173
  -0.5680849  -1.2095125   0.4249875  -0.6444030   1.1163946  -1.0702252
   0.0136632  -0.1886380  -0.4562422  -1.1777384   0.9710953  -0.1706534
   0.3079977  -0.4172804  -0.2133958   0.0005119  -0.1589448  -0.1723905
   2.0795923  -0.3509159  -0.8162041   0.0411293  -1.3347244  -0.3570265
  -0.0434747  -0.0027295  -0.2094125   0.9112645  -0.2124150   0.3902650
   0.9113745  -0.9888348  -0.0987464  -0.1318028  -0.0693444   0.4503419
   0.5864775   1.0343061  -0.2525992   0.7485211   0.3498127   0.7439129
   0.0698574  -0.2198278   0.0508389  -0.1690173  -1.2229354  -0.2661258
  -0.9006862   0.2129778  -0.6048356  -0.0922670  -0.1887789   0.1520408
  -0.9446662   0.0139273  -1.9750906   0.9592757   0.2775385   0.7905949
   0.0349530  -0.1303051   0.2453242  -0.7581402  -0.5261431  -0.4143552
  -1.4164305   0.1174656   0.2153602   0.2550309  -0.1119619   0.0366036
  -0.6402885  -0.7565150  -0.8963168   0.4131196   0.6333057   0.2059485
   0.0697742   0.0556770   0.0912672  -0.4971607  -1.0839253  -0.2728426
  -0.2141058   0.1400998  -0.1697233  -0.0023927   0.0612896  -0.1808937
  -1.9221724  -0.2516523   0.0978586   1.4203825   0.1179097   0.6093545
  -0.1230310   0.0788966   0.0287347  -1.4401645  -0.1910173   1.4318107
  -0.7331391   0.6048974  -0.5143750  -0.2127545  -0.0559115   0.2123292
   0.9209405   0.0267696   0.5131936  -0.2794893  -0.2297435   0.2368515
   0.1596838  -0.0550795  -0.2636305   0.8592808   0.4391261  -0.6111716
   0.1953140   0.9311866  -0.6106860   0.1763624   0.0435794  -0.1125272
   0.6387275   1.4720835   0.9527424  -0.2271278   0.4273827  -0.5087071
   0.0330732   0.0476616  -0.1084424  -0.8853746   1.1443363   0.7426236
   1.1931134   0.1244558   1.1428779   0.2950894   0.1864658   0.1914427
  -0.6418248  -0.8947268   0.2073367   0.3543863   0.2187589   0.8806256
   0.1200578  -0.3681028   0.0373601   0.1052539  -1.2870176   0.2643694
   0.4267882   0.5694248   0.4120408  -0.0184667  -0.3583832   0.2009716
   0.8009549   0.4639132   0.7156986   0.4592999  -0.2731089   1.0159832
  -0.3519161   0.2661517   0.3199529   0.1114510  -0.3936975   0.1740603
  -0.5456828  -0.0234902  -0.6657919  -0.2889257  -0.2488899  -0.0246455
   0.8743111   0.0655462   0.6234752  -0.3279588   1.5256846  -1.3243557
  -0.4153069   0.2586668  -0.1899029  -0.0939594  -0.0022430  -0.6314730
   0.9124890  -0.6068070   0.9050197   0.0896980   0.1063821   0.1910961
   0.2818747  -0.1178188  -0.9653816   0.6609007   1.4173183   1.0719268
  -0.1369956  -0.1039397   0.1896413  -1.1080708   0.2342327   2.0331886
   0.6351566   0.7059224  -0.3017606   0.1063705  -0.0611628  -0.0452858
   0.0158707  -1.6852545  -0.7129419   0.7192724  -0.8093087  -0.6892446
  -0.1181185  -0.3500473   0.0430122  -0.5879605  -0.4800822  -0.2811243
  -1.5324045  -0.0654438  -1.1481568  -0.0699972   0.0652045  -0.0778049
   0.9816010   1.1801755   0.5646273  -0.1235716  -1.5666612  -0.3832602
   0.0783380   0.0369731  -0.3746299  -0.7587568  -0.8045215  -2.0012955
  -1.8115144  -1.3674658   0.0978204   0.4442559   0.0316871   0.0384675
   0.5061720   1.5798829  -0.0827744   0.2913106   0.1948848  -0.1380010
  -0.1346356   0.0976395   0.0749391  -0.4311823   0.6292940  -0.3788022
   0.7161712  -0.2149289  -0.0178169   0.1173585  -0.0188433   0.1804788
  -0.3319179  -0.3502074   0.0518681   0.0730297   0.8188027  -0.0849062
   0.0364912  -0.1016493   0.1505012   1.0118573   0.1917640  -0.8795916
   1.0370371   0.7381478   0.0272925  -0.1030491  -0.0203432  -0.1291517
  -0.7124274  -1.2433145   0.0956249   2.2045530   0.5668189   1.3349675
  -0.1937377   0.5659504   0.1730958  -1.0036192  -0.9576052  -0.9040254
   0.5826564  -0.3725000   1.2302129   0.1614715  -0.1750998  -0.0173812
  -0.8017305  -1.1576122   0.3472965  -0.3768538   0.7450241   0.4264452
  -0.2997624   0.2624571  -0.1218262  -0.5801564   0.5197884   0.0958759
   1.1014192   0.7003743  -0.2317934   0.2849092   0.0896087  -0.1140542
  -0.3934335  -1.5655724  -0.8196197  -0.4314678  -0.2923895   0.5455068
   0.2539592   0.2206675   0.1093093   0.3372654  -1.0812778  -0.5038624
   0.4059848   0.8513792  -0.6502071  -0.0552874   0.1353631  -0.0723009
   0.8973376   0.5667717  -0.4302923   0.8916524  -0.5031500  -0.2072482
  -0.0848799   0.0040379  -0.1555505   0.4883278  -0.9652976  -0.9974482
   1.5042080   0.8891264   2.1431359  -0.0605196   0.3459641   0.2515906
  -0.4705445   0.3550510  -0.8462006  -0.4372878  -0.3198321  -1.3738763
   0.0455002   0.1786380   0.1371819  -2.0458407  -0.0278073   0.7529151
   0.0091779  -0.0018959  -1.2747830  -0.2635400   0.1213032  -0.0710704
  -0.8632314   1.0742863   1.4976328   0.0213722   0.5070018   0.0535659
   0.2923720  -0.0838611   0.0052165  -0.8994857   1.1057821   0.6484075
   0.1557021  -0.3373256   0.3725645   0.0876873  -0.0805157  -0.1494478
  -0.5226686  -0.1402031   1.3494530  -0.3433297   1.0434364   0.3214642
   0.0212904   0.0159033   0.0317672  -0.3462015  -0.0281197  -1.2535194
   0.1411848   0.1027831   0.1335904   0.0784100   0.0445753  -0.0759962
  -0.2743462   1.0402730  -1.2436126  -0.5158449  -0.7073190   0.6457183
   0.2697413  -0.1332839   0.1452372  -0.1944811   0.0214059   0.9848275
   0.9313057  -0.6388343   0.7256694
  87.0363607  85.9673587  32.2197107  90.0000000  90.0000000  90.0000000
