-4211.37
-4234.47
-4230.39
-4197.58
-4176.09
-4216.86
-4295.55
-4310.23
-4136.05
-4189.15
-4124.5
-4290.67
-4230.33
-4147.54
-4236.82
-4281.77
-4275.3
-4277.79
-4235.62
-4185.96
-4212.73
-4162.63
-4369.31
-4234.36
-4209.42
-4329.69
-4206.8
-4210.84
-4173.55
-4279.44
-4092.44
-4166.14
-4134.5
-4361.64
-4210.19
-4183.13
-4340.65
-4238.13
-4333.3
-4166.92
-4234.05
-4275.62
-4252.49
-4249.81
-4298.44
-4223.77
-4153.42
-4118.7
-4236.63
-4199.2
-4315.57
-4283.17
-4290.87
-4269.73
-4327.97
-4266.59
-4204.68
-4273.53
-4195.09
-4212.45
-4225.37
-4295.94
-4165.91
-4292.11
-4190.93
-4309.86
-4295.42
-4259.96
-4201.75
-4228.94
-4267.52
-4246.85
-4181.65
-4194.04
-4169.7
-4150.37
-4192.48
-4204.04
-4195.22
-4202.22
-4176.41
-4313.18
-4259.34
-4164.73
-4275.18
-4171.07
-4177.85
-4241.57
-4308.35
-4089.94
-4260.89
-4249.53
-4250.35
-4209.01
-4362.02
-4228.7
-4213.69
-4334.19
-4315.78
-4228.96
