-3870.72
-3867.24
-3893.07
-3892.39
-3837.27
-3872.74
-3917.71
-3949.04
-3863.3
-3868.63
-3829.69
-3894.05
-3902.48
-3858.84
-3885.31
-3873.84
-3940.33
-3930.81
-3891.79
-3857
-3854.47
-3877.01
-3949.64
-3903.32
-3869.64
-3953
-3910.27
-3868.5
-3841.88
-3918.15
-3833.59
-3870.06
-3832.63
-3956.87
-3855.44
-3906.25
-3946.26
-3901.3
-3949.76
-3849.53
-3910.12
-3940.12
-3893.54
-3883.24
-3921.04
-3887.4
-3818.29
-3808.4
-3854.11
-3872.89
-3921.73
-3975.51
-3911.9
-3870.91
-3940.08
-3896.29
-3891.62
-3865.44
-3838.91
-3881.98
-3863.68
-3942.04
-3834.29
-3940.15
-3855.43
-3952.17
-3917.22
-3886.28
-3875.54
-3871.68
-3953.61
-3897.93
-3861.69
-3854.77
-3822.01
-3841.2
-3875.29
-3876.49
-3845.67
-3887.18
-3859.03
-3937.49
-3894.88
-3809.95
-3910.01
-3832.74
-3857.58
-3919.09
-3907.82
-3788.84
-3872.8
-3908.92
-3857.87
-3821.81
-3925.3
-3890.26
-3844.98
-3964.84
-3956.83
-3924.5
