340.651
367.23
337.317
305.188
338.823
344.121
377.839
361.189
272.751
320.52
294.805
396.624
327.851
288.696
351.513
407.93
334.967
346.986
343.83
328.956
358.255
285.626
419.667
331.034
339.773
376.695
296.535
342.339
331.669
361.288
258.852
296.077
301.871
404.775
354.749
276.881
394.394
336.832
383.536
317.389
323.928
335.504
358.956
366.569
377.4
336.372
335.134
310.306
382.527
326.316
393.838
307.663
378.968
398.819
387.893
370.299
313.061
408.081
356.177
330.477
361.696
353.906
331.622
351.959
335.497
357.689
378.2
373.681
326.203
357.263
313.909
348.918
319.963
339.264
347.694
309.178
317.194
327.549
349.554
315.045
317.38
375.69
364.456
354.781
365.175
338.331
320.271
322.487
400.539
301.102
388.087
340.607
392.479
387.202
436.72
338.439
368.713
369.355
358.947
304.459
