13541.5047
13483.9125
13472.4164
13518.1861
13168.5236
13633.3360
13610.4929
13500.9252
13531.3998
13707.0369
13631.3238
13719.0859
13553.2795
13722.9291
13422.5660
13479.8960
13556.0174
13604.1354
13471.4499
13585.1583
13405.4708
13503.0017
13413.9988
13257.8089
13731.0099
13925.2640
13590.5486
13502.2504
13677.6759
13592.4926
13299.1528
13597.8224
13519.2601
13600.1632
13378.6480
13699.4680
13393.3013
13343.3017
13428.4323
13705.4135
13619.4358
13539.1526
13625.0750
13698.8459
13344.3249
13592.6462
13597.9769
13515.2767
13486.9145
13571.8922
13628.9317
13664.1489
13541.8351
13307.9422
13324.0319
13644.5410
13504.9272
13720.7817
13421.5514
13531.7775
13597.1734
13471.3499
13449.7464
13543.0903
13579.6930
13650.9894
13510.0663
13198.4757
13566.8177
13719.2827
13614.4113
13513.1931
13528.4907
13857.1895
13839.8551
13533.1924
13734.1126
13765.8222
13345.0770
13549.8226
13675.6705
13585.4044
13415.9167
13417.2685
13576.0213
13777.3945
13594.8420
13613.0976
13650.1162
13676.3913
13548.9147
13506.7782
13793.1133
13546.0407
13758.7957
13733.4212
13388.3293
13542.6722
13698.8375
13604.6428
