-67422.5718
-67151.1815
-67260.6934
-67287.9623
-67427.2401
-67208.9831
-67259.6297
-66961.8729
-67156.8290
-67093.5673
-67229.3406
-67341.7148
-67240.6011
-67524.1368
-67348.2336
-67283.1803
-67238.4060
-67307.7747
-67353.7608
-67258.3587
-67186.9843
-67353.3883
-67226.0454
-67175.2678
-67433.5113
-67302.2162
-67423.5571
-67450.1995
-67379.6629
-67250.1921
-67407.0900
-67166.4893
-67457.3033
-67262.2431
-67590.7113
-67372.3266
-67292.1803
-67366.7805
-67102.8744
-67450.0630
-67355.7418
-67399.5659
-67339.1588
-67236.3746
-67220.0697
-67268.8776
-67189.4637
-67201.8640
-67263.1562
-67386.9893
-67076.1335
-67324.3051
-67278.1308
-67284.2454
-67025.4327
-67075.1189
-67286.1865
-67010.7576
-67132.5873
-67157.9358
-67111.8231
-67163.8128
-67264.6823
-67117.2503
-67381.3246
-67384.1153
-67074.2170
-67099.8780
-67091.9524
-67337.7430
-67095.6032
-67153.0565
-67276.9334
-67297.9905
-67270.9486
-67093.8006
-67498.2206
-67424.7802
-67266.8139
-67363.0785
-67339.4844
-67382.2952
-67135.4110
-67222.6325
-67410.5342
-67462.3674
-67242.8052
-67501.8680
-67316.2232
-67266.8221
-67289.7591
-67140.1110
-67378.8711
-67387.4810
-67419.0061
-67382.9415
-67172.3009
-67134.4851
-67395.4517
-67421.5837
