702.9486
708.2171
696.6157
656.9042
687.0930
695.2983
714.7037
709.2478
649.1506
681.3138
673.4242
777.7573
674.8150
651.2693
695.3029
757.6576
700.8953
707.1391
688.4235
659.3714
705.6277
646.1133
736.5911
668.3125
734.7908
704.4950
671.9075
690.5953
700.4677
693.8915
596.0608
699.8909
663.1773
730.1421
708.6646
668.4691
752.1261
686.1112
745.6864
665.4716
679.9443
693.0797
702.1265
725.1984
704.7418
695.8945
691.9164
690.0490
742.1484
697.8637
749.2616
681.0692
707.6508
754.5299
725.9794
707.2110
670.9244
763.5874
705.2412
660.6046
678.5839
695.8967
661.7681
689.0018
718.6211
718.5454
748.4736
707.1658
693.1257
712.2449
653.3348
726.9837
706.5270
689.0714
732.7830
697.2515
685.9838
695.8040
664.1705
657.5421
693.1608
700.2368
651.9815
706.0234
682.1142
686.0035
675.6545
671.3033
768.5880
689.2501
723.9876
698.5522
725.7677
704.1629
777.2240
685.6885
726.2625
716.6328
707.6273
659.5665
