-92685.9929
-92455.1084
-92533.8127
-92620.6106
-92421.3332
-92669.4492
-92781.2867
-92380.0342
-92461.1340
-92607.1970
-92541.5305
-92922.9396
-92566.7316
-93011.6911
-92604.2174
-92651.0939
-92704.2875
-92802.3190
-92628.8764
-92646.2962
-92366.5977
-92624.9364
-92588.1787
-92250.8502
-92952.5401
-93217.9212
-92800.9838
-92752.7881
-92822.8290
-92729.6003
-92371.7777
-92487.3804
-92699.5690
-92823.7703
-92717.6950
-92827.3013
-92595.5415
-92585.0555
-92561.8520
-92965.4898
-92765.8464
-92789.3931
-92834.5561
-92783.4983
-92438.8184
-92622.6138
-92543.2555
-92393.4253
-92586.5862
-92737.8722
-92566.8681
-92920.0189
-92719.8592
-92401.6450
-92313.0987
-92573.2302
-92535.5728
-92632.6230
-92335.3215
-92488.5129
-92603.9462
-92559.1126
-92483.6617
-92559.3348
-92739.1341
-92886.0566
-92455.6048
-92158.4155
-92459.5265
-92917.9674
-92569.5322
-92492.1216
-92590.0659
-93007.6902
-92881.4203
-92419.4268
-93004.5840
-93023.7633
-92449.4143
-92705.9880
-92736.8669
-92923.9429
-92443.0646
-92410.5006
-92882.9995
-92995.0578
-92661.7314
-92892.2623
-92865.0821
-92647.4640
-92641.3578
-92516.2628
-93038.7569
-92748.8733
-93088.9891
-92937.5753
-92401.0234
-92633.2968
-92990.8827
-92854.7198
