-71293.2932
-71018.4185
-71153.7679
-71180.3543
-71264.5072
-71081.7263
-71177.3422
-70910.9101
-71020.1250
-70962.1955
-71059.0346
-71235.7638
-71143.0844
-71382.9792
-71233.5423
-71157.0201
-71178.7372
-71238.5797
-71245.5524
-71115.3618
-71041.4579
-71230.3947
-71175.6855
-71078.5909
-71303.1561
-71255.2117
-71333.8225
-71318.6958
-71221.5394
-71168.3464
-71240.6768
-71036.5542
-71289.9366
-71219.1112
-71446.1538
-71278.5720
-71238.4413
-71268.0823
-71052.6357
-71299.5959
-71265.8647
-71339.6811
-71232.6959
-71119.6134
-71141.1075
-71156.2747
-71007.7501
-71010.2616
-71117.2637
-71259.8746
-70997.8659
-71299.8158
-71190.0356
-71155.1584
-70965.5083
-70971.4098
-71177.8016
-70876.2016
-70971.4966
-71039.9115
-70975.5009
-71105.8495
-71098.9719
-71057.4032
-71236.7591
-71336.2868
-70991.4360
-70986.1555
-70967.4952
-71209.4250
-71049.2159
-71050.9869
-71138.6229
-71152.7650
-71092.9569
-70934.9961
-71373.5059
-71301.2669
-71112.4818
-71250.2577
-71198.5167
-71319.7857
-71030.2922
-71032.5787
-71320.5435
-71295.1059
-71100.3882
-71420.9534
-71224.0387
-71055.6649
-71162.5608
-71049.0309
-71236.7414
-71209.2934
-71344.3072
-71273.2029
-71017.2805
-71099.3217
-71352.2838
-71346.0829
