13882.1558
13851.1429
13809.7331
13823.3736
13507.3465
13977.4573
13988.3320
13862.1141
13804.1506
14027.5564
13926.1285
14115.7099
13881.1304
14011.6251
13774.0793
13887.8260
13890.9846
13951.1216
13815.2798
13914.1144
13763.7256
13788.6278
13833.6657
13588.8426
14070.7824
14301.9585
13887.0841
13844.5893
14009.3446
13953.7804
13558.0043
13893.8997
13821.1315
14004.9387
13733.3965
13976.3495
13787.6949
13680.1334
13811.9681
14022.8027
13943.3643
13874.6568
13984.0310
14065.4148
13721.7247
13929.0182
13933.1110
13825.5823
13869.4415
13898.2082
14022.7700
13971.8120
13920.8035
13706.7615
13711.9248
14014.8399
13817.9884
14128.8629
13777.7284
13862.2545
13958.8697
13825.2561
13781.3685
13895.0491
13915.1901
14008.6785
13888.2667
13572.1569
13893.0209
14076.5455
13928.3200
13862.1114
13848.4540
14196.4533
14187.5496
13842.3702
14051.3071
14093.3712
13694.6313
13864.8675
13993.0509
13961.0947
13780.3723
13772.0491
13941.1960
14115.7257
13915.1130
13935.5845
14050.6549
13977.4932
13937.0017
13847.3849
14185.5925
13933.2429
14195.5156
14071.8607
13757.0428
13912.0270
14057.7848
13909.1014
