-88474.6204
-88220.6410
-88303.4214
-88423.0310
-88245.2432
-88452.5847
-88485.7352
-88069.8081
-88325.0873
-88418.0492
-88417.0317
-88632.2666
-88336.3975
-88864.1528
-88367.3954
-88369.3242
-88428.9892
-88524.5279
-88393.2550
-88460.3371
-88153.8693
-88462.3038
-88218.8718
-88016.4935
-88743.1228
-88888.2311
-88594.1829
-88541.9529
-88649.2837
-88450.1582
-88279.3394
-88321.2382
-88565.0643
-88462.1267
-88507.5039
-88644.1745
-88254.8869
-88346.9220
-88228.5550
-88798.5677
-88531.7949
-88513.7737
-88582.0631
-88533.6905
-88140.3808
-88398.8447
-88389.8349
-88274.7222
-88349.9517
-88538.6709
-88251.2974
-88636.8452
-88428.9860
-88131.9127
-87985.1302
-88306.6404
-88330.8966
-88359.0979
-88140.2351
-88276.0603
-88378.5722
-88263.1697
-88317.7500
-88267.2230
-88548.2025
-88576.1961
-88160.1854
-87898.4568
-88257.7804
-88689.0227
-88302.0108
-88245.2729
-88408.4131
-88813.6518
-88711.7176
-88269.0534
-88812.1043
-88819.7276
-88254.1921
-88503.7638
-88560.4542
-88610.7621
-88183.7279
-88245.7738
-88607.8155
-88823.9881
-88483.8774
-88650.6900
-88556.7279
-88557.5192
-88380.4691
-88266.7362
-88788.4073
-88539.8588
-88726.9681
-88708.8744
-88187.3303
-88299.1054
-88675.1033
-88625.7620
