101085   34.4766    51.431
101411   50.2924   38.4829
102741   36.6039   45.4831
103495   37.2808    46.721
103356   39.5869   46.0702
104832   52.2405   39.1387
104070   37.2945    37.674
104308    36.086   42.7167
104354   44.6403    39.626
104658   50.4084   36.4214
105269   49.3905   45.2236
105930   51.3931   44.3986
105279   45.9807   51.8751
106412   38.9797   39.2116
106179   46.4385   34.6274
106070     51.83   46.6893
106153   39.6206   52.7484
106248   42.9102   50.3562
106459   37.5386   40.8042
108289   38.5498   47.1811
108495   52.6831   48.0129
108474   35.1217   50.0484
108256   35.4015   44.4941
109147   52.2543   41.3165
109444   38.9209   35.6126
109569    38.545   40.4772
110308   33.6816   35.8472
110302   44.0505   42.3248
111945   50.8346   48.2351
111172   44.8272    41.885
112565   39.8641   41.0035
112608    45.075   39.0225
112549   42.5381   42.3786
112566   37.0766    46.122
113769   38.7213   51.7133
114881   44.0011   46.3449
114663   46.7931   37.6897
115386   49.0071   47.4273
115908   42.6081   35.5612
115159    47.816   38.0273
115232   38.0137   43.7677
115591    38.471   44.9778
116872   37.8987   43.4116
117268   48.3069   36.2664
117921   37.5146   51.3328
117281   45.1487   44.2904
118460   45.0629   39.2649
118751   44.4961   38.9278
118387   44.5223   37.0456
118432   38.1973   51.7693
119349   40.6382     51.54
119970   39.4086   51.1007
119821     42.79   45.1082
120669   39.0513   46.2857
120831   48.1899   52.8897
120693   37.3719   50.9752
120337   48.8768   38.9637
120111   41.9525   46.4095
120927   41.4868   42.0419
121224   52.1491   42.3508
121647   50.9003   47.0039
121365   37.3279   49.2446
122316   37.2621   46.4917
123299   47.3354   52.3457
126799   50.5534   46.6031
126850   35.0296   49.9635
126796   48.0445   45.3911
127656   49.0509    47.182
127184   39.5471    35.462
127054   47.8894   45.2811
127383   46.6949    42.974
128731   48.7681   46.4596
128870   52.2127   47.6592
128751   49.3563   48.9852
128977   49.6407   48.9315
128420   42.6863   48.5519
128418   42.0066   51.0682
128121   46.1587    42.413
129525   36.8922   46.1713
129876   36.8705   47.6314
129261   49.5125   48.0072
129239   40.7158    47.215
130979   38.8777   42.5828
130772   46.9746   41.4497
130980   47.2842   41.9675
130271   38.9277   44.5557
132614   37.9975   47.4324
132983   36.5066   50.9335
132226   49.2104   36.0865
133670   39.7471   50.0956
133198   36.4547   50.4426
133675   36.0449   50.5728
133738   35.8877   47.7954
133258   37.9593   52.7549
133727   37.5979   52.0693
134182   36.8231   46.1349
134801   38.6447   38.5364
134222   34.8331   47.9918
134522    34.558   47.7818
134901    36.477   48.9178
135335   51.1963   51.0146
135826   43.5704   42.0808
137832   48.0219   51.4664
137395   44.9841   37.9617
137701   44.8637   37.7674
137946   45.4786   37.6262
138114   47.2895   51.5999
139848   50.0374   49.8341
140762   47.4585   48.5721
142279   42.2049   33.0448
143516   41.9474   52.3636
143517   44.6704   34.9952
144304   43.7817   45.1562
144711   44.1178   45.6515
145448   47.9803   46.4443
145772   40.0409   48.7121
145860   39.6709   51.3477
145352   43.8862   45.7444
146599   45.5657   44.5546
146529   44.1867   39.2269
147150   40.2026   43.6785
149235   36.7521   51.7134
149435   45.7856   40.1925
150257   38.0289   46.4741
150596   44.2178   39.2676
150848   44.0398   39.6811
150425   45.9103   40.7831
151581   34.3542   33.9563
151982   35.6595   33.7749
151505   42.5315   34.4255
151132   37.4799   46.9385
151169   33.5665   35.6764
153289   48.3969   47.2274
153925   40.4073   50.9136
154391   39.9298   51.3922
154386   44.7876   43.5969
154751   45.0073   42.9033
155282    43.045   37.6803
155715   45.3846   42.9639
158069    44.345    41.742
159730   50.8509   48.1595
159758   48.6196   50.9327
159970   49.3581   51.3887
159243   46.6818   42.7414
159846   42.4363   39.6499
159050   48.8445   41.6011
159423   48.9249   41.6386
159090   48.1108    39.125
159767   46.9685    40.156
159948   48.1804   39.0853
160732   48.5841   47.3966
160938   48.9648   48.2408
160692    42.325   39.3055
161832   49.1195   50.6476
161327   44.6185   40.0111
161698   43.6123    48.786
161691    36.501    41.582
161788   48.5967   48.0673
161336   49.2869   51.6141
161557   51.3647   49.9768
162274    37.176   46.3985
163767   49.2633   51.1657
163331   39.2649   33.0152
163984   37.3826    33.505
163195   34.5527   45.3899
164042    49.735   51.1825
164577   49.9513   51.4084
164755   50.5935   51.2307
164068   42.4782   45.3904
165413   34.7454   38.7665
165146    38.856   43.4534
165638   50.7832   52.4378
165525   49.7226   44.3478
165417   41.5184   52.6833
167497   52.6089   40.1899
167777    53.266    39.713
167641   37.7954   52.4767
167386   36.8379   49.8969
168869   38.1004   45.6311
168172   36.7021   50.6498
169471   46.8623   48.7464
170755   39.7117   50.8709
171611   38.5069   43.9184
171994   41.3808   50.7522
171320   49.2962   35.1614
172726   41.3423   37.1106
172906   51.1576   36.5675
172085   37.6604    50.414
172268   38.3127   50.4393
172745   48.0089   34.2041
173799    39.793   46.9344
173932    52.302   45.0631
173150   44.6594   42.4181
173349   45.1481   42.6418
173762   37.1616   45.1656
174443    39.721   46.7035
174745   40.8879    36.144
174304   52.1097   44.6371
174440   37.5028   45.0794
174381   40.8862   44.8942
174297   37.1604   48.8368
175389   50.0073    52.676
175654   41.1701   51.7986
175674   52.1054   45.5074
175130   44.4342   41.8757
176461   35.8538   43.5781
176821   47.7234   46.4156
176484   40.4493   45.8659
176530   50.2571    38.262
176784   50.1175   45.7403
178809   51.9377   52.7544
178793    41.743   48.0581
178448   50.8142   44.4097
179670   40.9144     47.62
180661     40.59   46.6238
180753   37.3357   41.3868
180049   49.8237   46.4028
180456   41.4267   36.9004
181796   45.8853   36.1361
181408   48.0842   46.6283
182392   47.8771   35.1175
183666   46.6242   52.1515
184078   40.7099   46.3125
184671   49.0974   52.2121
186093   39.0712   37.5867
186292   35.0795   33.7775
186992   34.5309   47.3924
186154   38.8885   45.7781
187550    38.076   40.4688
187935   47.3635   40.5311
187234   39.3219   45.7397
187854   42.1237   50.5462
187241   36.6335   45.4174
187754   33.8643   51.9598
188199   37.8489   42.7497
189414   39.5702   40.2972
190338   41.7536   33.2011
190121   38.4668   39.7537
190149    35.921   40.0549
190599   34.8828   40.3316
190558   40.3917   34.5205
191796   39.3331   38.6151
191645   39.6489   49.4656
191485   46.5565   48.4972
192318   51.5364   34.9876
193799   37.2705   38.1185
193536   36.5417   45.4166
193793   40.1557   46.3966
193646   38.1587   47.5593
193440   44.2766   39.9537
195115   42.9228   41.6813
195494    43.507   41.4811
195441   37.1669   40.0581
195806   40.1825   47.1418
195145   40.8228   36.5215
197883   36.8994   38.9556
197514   37.0204   46.1459
197172   46.1874    36.836
197132   41.0326    37.083
197111   44.2482    38.911
197777   37.9324   37.1043
198592   37.3883   38.6871
198724   42.0336   42.3584
198962   39.6391   35.8731
199063   50.7462   44.8861
199500   36.5262   46.5776
199675   37.4986   46.2122
199863   49.3839   46.5496
199979   44.1157   42.7213
199398   44.3963   40.6555
199104   37.9373   49.5188
