100556   44.4993   34.1665
100501   33.3788   39.2823
100000    35.577   34.0633
100515   34.0829   48.5232
100711   34.3285   48.6043
101177   50.0944   37.7154
101008   35.0854   51.1823
101452   34.6441   46.8572
101617    41.736   46.6601
101095   41.3678   43.6857
101329   40.9081   43.7452
102500   37.1257   47.6277
102637   37.0403   48.6255
102894   36.3657   47.8433
102964   39.5581   51.4478
102058   36.9611   50.9798
102632   44.4484   41.8296
102836   45.4968   44.6776
103258   36.7595   46.0529
103000   39.4471   51.3598
103620   50.8346   45.6573
103640   53.1378   47.3635
103608   33.6024    45.732
103800   34.5304   52.4814
103239   39.3144   45.8021
104876   52.0294    38.774
104118   36.6542   37.5701
104093   38.2203   48.9335
104237   49.6358   44.9606
104700   50.0905   36.9616
104343   34.9476   52.6539
104523   37.1362   44.1067
105985   50.5188   34.0215
105055   50.1838   45.4192
105184   49.7888   45.0562
105144   45.3509   51.5179
105923   42.2111   51.0111
105991   43.0411   50.6872
106932   36.5472   44.9061
106000   39.4606    40.004
106126   39.0956   39.6661
106000    50.206   33.9595
106098   46.7086   34.7102
106861   40.9432   34.4696
106509   47.5135   48.9601
106533   47.6085   48.8739
106565   48.3679   49.2898
106077    51.985   46.6505
106087   51.9742   46.4232
106154   39.6233   52.7311
106642   45.3558   51.6064
106587   43.7917   51.1638
106468   50.3699    47.897
106599   43.0349   45.7683
106788   43.4287   45.9625
106992   44.0936   46.3446
106467   37.4423   40.7302
106202   39.7126   43.5132
107010   37.1757   44.8194
107071   37.2966   44.9414
107548   40.8389   33.9683
107655    41.213   34.3281
107736   41.2006   34.5667
107959   34.9638    49.608
107000   44.0735   46.1982
108124   51.7916   44.2491
108525   52.7435   47.7268
108001   35.3785   43.9396
108426   35.1296   45.0604
108589   35.4343    45.231
108709   35.4954   45.3232
108810   34.5783   45.2905
109328   34.2752   38.9343
109215    52.089   44.1295
109255   52.3307   40.5601
109465   39.0139   35.6592
109497    39.232   35.3746
109465   49.7118   51.8403
109161   43.2422   34.3929
109241   43.5023   34.3271
109663   36.3655    43.741
109749   36.7738   43.3322
109784   36.6372    43.785
110869   49.7455   46.6795
110524   41.0782   44.2641
110607   47.8622   51.6044
110767   53.0622   35.8551
110407   34.5002   35.8469
111182   47.9226   46.1676
111400   48.0236   47.2924
111688   47.1539   37.7633
111944   47.6862   38.3919
111958    46.698   45.2902
111064   47.0921   51.2964
111107   48.3376   49.7607
111230    45.011   42.2703
111261   44.6772   42.0607
111452   42.8939   44.3997
111566   42.2502   44.7119
111604   42.4339   45.1117
112199   48.8675   43.5745
112359   47.2638   43.0774
112474   47.8367    42.996
112122   38.3376   39.0139
112323   37.5928   39.5019
112616   40.0375   41.0987
112744   40.0533   41.8497
112810   36.8749   44.8313
112099   47.0455   37.6748
112418   45.3379    38.653
112461   46.1635   38.9717
112526   46.1227   38.6014
112732   45.2483   39.3956
112611   36.5379   46.6184
112155   42.1946   44.2738
113408   42.9663    42.272
113483   42.2858   41.3091
113664   43.0395   40.3774
113728    45.709   36.8048
113772   45.5749   36.6555
113913   35.5342   50.4785
113063   37.9098   36.3011
113414   36.8258   36.5931
113139   46.1073   47.6627
113256   46.9214   47.4419
113288   46.5691   47.1469
113316   46.7001   47.2763
113507   46.3468   47.3656
113602   43.6802   34.5624
113602   38.9938   52.3494
114656   48.3313   35.1298
114808    48.248   34.6655
114870    48.325   35.0568
114651   37.3916   36.3242
114699   46.0811   37.2647
114238   43.5537   34.3775
114310   43.7388   35.0828
114485   44.0982   34.0442
114788   43.3601   34.3561
115950   42.8099   36.2304
115884   47.8295   33.2619
115943   48.3559   33.6135
115837   45.1421    35.094
115933   49.7974   50.5106
115870   35.8413    38.237
115056   44.1897   34.6266
115288   48.5824    44.724
115494   47.8778   44.6838
115605   48.3333    44.905
115659   47.9573   45.0661
115700   47.9395   44.9334
115803   48.0714   44.2142
115238   38.0536   43.7959
115603    38.396   44.8797
115140   42.4344   41.0591
116000   43.8757   36.9799
116079   43.2398   36.5612
116278   43.1348   38.7625
116337   46.3248    44.858
116514   45.6683   44.2257
116600   45.0654   44.3788
116407   42.5725   51.1788
116603     39.43   43.2498
116884   37.9622   43.4143
117248   43.4181   37.2304
117888   34.0314   44.7985
117073   47.9639   36.3375
117344   48.1604   36.8496
117937   37.5578   51.4227
117089   45.4397   43.4318
117108   51.7599   33.0182
117758   41.0553   41.6499
118000   33.9116   44.8921
118731   49.4978   37.9041
118602   44.8186   39.1041
118761   44.4808   39.0616
118585   44.2878   36.5422
118990   37.6445   52.4692
118933   43.3236   48.2948
118798   48.2823   43.1511
118993   47.4272    43.372
119405    42.967   36.9177
119084   50.5363   47.1462
119269   50.7312   47.2622
119250   48.9634   49.4364
119580   48.0086   48.2199
119835   34.3551   45.9218
119197   41.5163   49.9519
119382   40.4324   51.5094
119842   39.0301   50.3886
119392   36.2629   42.8126
119988     42.24   45.8335
119000   37.7342   52.6921
119144   37.7891    52.005
120522   38.9056   46.8896
120783   38.8857   46.1633
120801   50.2785   35.3805
120545    34.839   39.9441
120893   47.9283   52.5505
120328   36.7286    49.502
120014    49.117   39.3567
120258   48.4346   39.2035
120552   48.9622   37.7956
120756   49.3146   37.4659
120119   42.0018   46.5603
120483   42.4423   42.9327
120516   42.4152   42.9899
120569     41.83   43.4504
120757   41.8579   42.3099
121000   52.7443   48.5311
121427   51.4912   47.6358
121552    50.892   46.8776
121062   37.3959   49.4422
121057   47.1414   34.9326
121436   41.5306   45.1005
121488    41.836   45.2484
121142   41.0537   42.3964
122624   51.7038   35.9209
122667   51.5942   36.0483
122713   51.5393   35.8507
122328   37.4772   46.5967
122000   35.7933    38.969
122143   35.8943   39.2945
123265   44.7623     42.09
123793   43.2549   42.2708
123814   43.2807   42.5353
123826   43.0432   42.5955
123350   46.9628   52.4245
123442   44.7369   37.6681
123744   44.2847   36.4238
123472   51.8914   45.4377
123624   52.0713   45.6089
123476     38.68   48.0422
123218   42.2214   41.3791
123888   40.5862   40.7838
123924   40.5886   40.3545
124098   51.2327   45.1361
124070   51.0498   48.2012
124843   35.8907   33.3046
124035   43.4161   47.0432
124194   42.7563   46.9454
124339   42.9235   47.7796
124475   43.5108   47.0172
124259   35.9061   49.4823
124283   35.9351   49.5347
124817    35.393   35.7416
124915   35.3321   35.7784
124599    39.851   52.2397
124641   40.3412   52.8657
124774   39.7886   43.0758
125520   33.7285   36.1331
125697   33.6186   36.5955
125121   51.3163   46.0884
125272   51.0045    45.864
125310   50.5525   45.5661
125346   51.0409   44.9307
125329   51.3461   47.7979
125516    48.265    36.642
125000   40.0769   43.2251
126998    37.208   39.1872
126346   49.2507   47.5787
126613   48.9008   47.5388
126811   50.6294   46.6835
126549   36.8314   34.8452
126804   35.9026   36.7473
126483   41.2401   45.1053
126389   48.6259   45.3158
126507   48.0838   45.6766
126830   48.4237   45.0585
127642   49.0057   39.7931
127680   49.1518   39.5106
127000   37.2487    39.111
127660   49.0627   47.0472
127809   48.5978   46.3959
127271   38.1631   35.3816
127414   46.4227    42.778
127625   46.2303   43.7184
128637   48.6506   39.3751
128793   48.1212   46.0029
128838   49.6636   48.5392
128850   42.8355   47.1579
128475   42.1201   47.8502
128437   42.0079   50.8666
128376    48.042     44.41
128130   46.3775   42.3508
128270   46.6853   43.6482
129845   50.5192   51.5704
129060   53.0503   40.7232
129144   52.4582   40.0047
129683   37.5411   46.2684
129996   36.6268   48.1572
129000   49.3977   45.8965
129884   38.2476   51.5966
129108   49.6435   48.6214
129274   49.4541   48.1019
129308   50.0094   48.6773
129585   49.2698   46.3282
129241   40.6936   47.2078
129172   43.7758   49.8489
129447     47.27   45.0708
130257   50.6197   50.5856
130000   36.5993   48.1672
130124   37.2167   48.0613
130072    37.953   52.0877
130449   33.9169   45.9031
130604   39.4919    46.634
130986   34.5859   45.8074
130855   43.9268   47.4677
130834   46.9913   41.5154
130990   47.1982   41.8471
131000   50.4322   51.0574
131070    43.246   46.0163
131489   49.7097    41.371
131603   49.3354   41.5587
131660   46.9547   36.6611
131000   34.4005   45.8141
131105   37.6481   42.9339
131593   33.4856   35.8893
131616   33.6682    35.724
131000   47.1372   41.9408
131304   46.0222    42.327
132468   37.4677   46.8345
132578   38.5653   50.7939
133248    39.448   46.7278
133956   36.5846   46.3876
133533     40.12   50.7823
133949   39.6221   50.3775
133153   39.3151   49.1086
133023   36.3914   50.7158
133386   36.8871   50.4357
133589    36.012   50.3095
133752   35.8677   47.7391
133600   48.5481   35.5658
133542   37.5977   51.8359
133618   37.8091   52.1159
134686   41.9794   33.9767
134316   43.3015    43.679
134025   36.6332   46.2412
134188   36.7271   46.1743
134855   38.6168   44.4935
134681   38.5989   47.2863
134382   38.9768   33.4129
134417   38.9247    33.344
134146   36.4829   50.0029
134356   36.5702   48.5019
134926   38.4252   38.6871
134293   35.0442   47.6244
134418   34.6412   47.4626
134972   39.9322   36.7456
134992   40.0447   36.7565
134233   37.5947   52.0684
134247   51.4991   38.6963
135085    38.147   46.1169
135735    39.101    43.994
135850    43.699   42.1019
135901   43.9807   42.7485
135345   34.2845   47.9215
136803   36.1076   47.2564
136777   33.4898   47.2066
136806   33.3852   47.1944
137628   46.6025   43.5769
137893   37.2708   45.0415
137937   47.8704   51.1432
137400   45.0271   37.9228
137819   44.6942   37.8577
137000   52.4045   43.0288
138036   46.5671   48.1549
138145   47.0651   51.1909
138277   47.4374   51.4629
138843   36.6897   40.0774
139774   50.7224   49.6103
139848   45.7456   49.8253
139878   49.6046   38.9054
140000   48.4987   49.9238
140107   50.4404   49.7527
140412   36.1574   34.6745
140220   52.5589   35.3646
140164   47.7323   47.7494
140668   47.7369   48.8609
140779    47.158    48.319
140177   46.1877   41.7212
140237   46.9192   41.5563
140349   46.7141   42.0034
140625   46.4897   42.5009
141773   50.8727   45.1153
141453   47.1648   48.5099
141880   47.4773   48.2645
141498   36.2238   42.0131
141202   42.4074   41.8511
142253   42.8497   42.1376
143368   47.4265   50.2754
143534    42.165   52.3945
143611   41.9081   52.4079
143461   44.2999   51.0924
143027   42.5022   33.7124
143328   43.0467   33.1339
143557   44.7838   34.3515
143000    48.575   33.1194
144542   47.6089   45.5641
144626   47.7191   46.3388
144727   47.7635   46.4968
144313   43.7937    45.106
144346   43.8034   45.1091
144725   44.0916   45.4733
144135   36.8249   46.4035
144698   46.8317   44.1629
144768   47.3067   43.7288
144794   46.7342   43.8537
145460   48.1538   46.5018
145784   40.0309    48.903
145547   39.4142   51.5754
145661    39.399   52.2842
145889    39.419   51.8587
145307   40.8619    39.372
145519   40.0371   39.4222
145554   40.3529   40.0352
145599   45.6759   45.8774
145971   46.1084   45.7578
146400   50.1025   39.3823
146414   50.3456   39.4811
146501   49.4313   39.7211
146907   39.5543   43.5845
146064   46.9012   47.4423
146338   44.6735   38.0598
146188   40.4117   39.7189
146664   41.7878   44.3716
146696    41.675    44.525
146745   42.2768   44.6528
146328   45.3608   44.5451
146504    45.746   43.8546
146707   45.9997   44.5292
146905   45.4574   44.4925
146274   43.0147   40.3544
146316   42.9696    40.458
147999   49.0704   41.4262
147368   40.0293   43.4661
147834   45.2947   41.8027
148000   49.0508   41.4204
148578   33.9902   49.0429
149427   49.8858   48.2345
149699    37.075   39.0715
149883   42.7423   36.3776
149079   36.4187   51.4479
149129   39.0824   52.6993
149558   43.3425   33.5881
149698   43.4577   33.6225
149928    44.182   33.6979
149495   45.8717   39.9918
150447   49.1772   38.3504
150193   42.5191   34.9737
150379   43.0878   34.7106
150054   38.0367   46.3311
150084   38.0973     46.62
150325   37.6898   45.8205
150515   38.0307   45.9378
150692   38.4489   45.8916
150631   43.8525   39.4117
150878   43.8981   39.6852
151179   49.4422   39.4429
151566    49.324   40.2921
151741   49.9499   41.0335
151749   35.6764   34.1122
151793    35.897   33.2001
151385   44.4783   37.9942
151684   45.1741   40.1525
151572   42.8206   34.1726
151662    42.915   34.9675
151137   37.3503   47.0279
151230   36.5434   47.4497
151266   36.9353   47.5008
151389    36.676   47.6418
151613   39.8631   38.9196
151672   36.4258   41.5872
153776   40.6071    50.569
153946   39.6485    50.851
153627   40.9618   37.5709
154291   47.6521   34.6053
154465   47.1386   35.1348
154502   47.0803    35.147
154434   39.5769   51.5078
154400   45.1554    43.876
154767   44.8186    43.013
154943   45.5643   43.5915
154646   44.3377   34.6729
154021   39.8189   49.9003
154023   38.1042   52.9613
154305   46.6341   39.2919
154762   38.0457   39.3482
155296   43.4078   37.5464
155000   45.7758   43.6668
155156   45.8444   43.2933
155961   45.2827   43.3625
155295   33.9319   35.1111
156049   50.6622   45.2665
156354   50.7055   45.7245
156980    50.871    45.267
156342   37.0155   37.6122
156000   45.6348   43.3378
156014   45.7903   43.4049
156089    46.064   43.6022
156441   45.4337   43.3096
156879    44.184   36.2575
156347   42.7231   44.8739
156627   42.4497   44.3795
156042   44.8171   48.3166
157256   47.3475   36.3372
157944   46.9146   42.4936
157987    46.681   42.5706
158434   49.6204   51.7333
158945   36.5441   44.0244
158000   46.5261   42.5743
158872   49.0929   40.6261
158939   47.3351   38.6912
159654   48.7878   37.3657
159683   48.6712    37.451
159744   50.6924   47.7513
159642   48.9799   51.7177
159882   49.5301   51.0289
159273    46.678    42.625
159865   42.6133   39.6311
159897   42.1329   39.2486
159830   48.3914    49.073
159297   48.5844   40.6725
159461   48.7069   41.4487
159212   47.5312   39.0209
159877   46.9279   39.6281
160372   49.2344   46.6295
160785   48.3073   47.5086
160950   48.7173   47.9981
160240   35.7741    37.969
160525   38.4543   36.0182
160102   49.3466   51.5078
160623   51.4411   50.5425
160616   36.9035   40.6979
160000   43.3208   39.3837
160091   43.7729   39.3219
160133   44.0748   39.1489
160422    43.545   39.2053
160467   43.5008   39.5178
160000     48.23   49.0841
160604   33.9851   50.6123
160697   33.8844   50.7454
160516   51.3636   47.8315
160780   50.9054   48.1956
160917   35.8567   51.5437
160091   36.7969   39.7136
160269   37.8433   40.3416
161119   44.3485   51.4966
161856   49.0899   50.6656
161979   47.5043   50.7541
161515   43.9676   48.9193
161757   36.3933   42.3851
161799   36.7588   42.5616
161955   37.8215   42.0624
161801   48.9546   48.1873
161899   48.8106   47.9959
161532   48.9152   51.5359
161470   50.7739   49.5567
161675   45.3013   33.4738
162690   44.3592   49.3328
162978   44.0498   49.4407
162426   48.4715   35.5842
162145   49.6853   49.9088
162380   50.2936   49.3939
162060   36.4146    46.482
162278   37.1749   46.4586
163000   44.1822    49.271
163832   49.0377   50.8024
163452   44.8553   36.4704
163559   44.7216   36.7354
163613   45.2577   37.1001
163793   43.9174   36.7168
163631   38.5353   33.9232
163207   34.5777   45.4731
163000   38.1239   37.5594
163081   37.7232   37.0243
163216   37.6779   37.1752
163512   38.2179   36.9124
163753   38.6671   36.3915
164824   46.6176   39.1709
164074   49.8168    51.297
164580   49.9396   51.4298
164821   50.1641   51.2424
164965    41.419   51.8458
164110   42.3039   45.0218
164324   41.9952   44.9995
164116   38.2162   36.2786
165433   34.7471   38.9116
165458   34.4483   39.2624
165685   41.6521   36.8429
165627   48.0169   37.0417
165423   38.6428   52.2294
165673   53.2444   47.3373
165116   41.1879   51.6792
165250   41.3432    51.984
165615   43.2463   52.7017
165681   50.6819   46.8517
166021   50.4336   39.3502
166016   44.0839   51.6552
166379   43.5961   49.1781
166458   44.0955   48.9281
166501   49.2093    48.559
167157   51.2121   42.0587
167104   35.2756   52.3031
167508   52.8031   40.2343
167457   36.6913   49.1989
167034   41.5099   51.1653
168587   52.4058   47.1057
168000   49.9318   34.5568
168042   51.8073   38.5596
168077    52.212   38.8915
168490   35.6569   45.2322
168654   36.8257   45.8735
168896   38.0598   45.4343
169485   46.7923   48.6929
169840   47.7121   42.5605
170555   47.8586   40.6421
170348    47.435   44.5518
170235    50.335   47.9176
170001   39.7662   46.3343
170126   38.9016   47.4267
171544   39.0627   43.9341
171538    51.752   46.1194
171769   52.3265   46.5868
171511   52.3778    35.971
171790   41.6981   50.1293
171430   38.1717   48.3475
171480   38.4268   48.7117
171621   38.9332   48.7311
171932   39.6625   49.1452
171682   42.3677   49.3778
171912   50.3836    44.606
171371   50.1186   34.8789
171527   40.3634   46.1572
171723   44.3154   47.3988
171227   50.7587   48.4457
171855   48.5225   48.9896
171891   48.3279   49.3569
172345   49.1728   52.8642
172771    41.054   37.1475
172000   45.9337   41.1041
172763    46.731   40.6982
172403   50.2511   40.1637
172964   51.2202   36.3534
172026   40.7893   50.9553
172092    37.731   50.4487
172282   38.0871   50.5671
172328   37.6436   50.9333
172000   44.0058   42.8775
172075   44.2781    43.377
172855   44.1136   42.2972
172910   43.7863   42.0915
172952   43.7993   41.2994
172667   49.4352   45.9721
172852   38.7757   47.3708
173113    46.315   40.8532
173339   47.3437   41.3759
173825    46.084   40.5263
173491   49.2454   42.4549
173520   40.6889   44.8622
173673    40.493   44.8957
173000   50.8911   36.4105
173082   51.0203   36.6674
173152    39.707   52.2193
173621   42.3281   52.0312
173806   51.8056   45.0416
173976   51.9036   43.9114
173165   44.6253    42.462
173238   44.7803   42.3145
173545   46.3007   42.3846
173798   40.6212   40.6348
173590   34.8903   40.8827
173461   39.4917   47.5785
174166   38.9705     43.92
174273   39.5641   43.7035
174034   39.8334   47.3972
174844   38.3637   48.1767
174517    41.302   36.5787
174603   41.0709   36.4451
174319   52.0174   44.5984
174558   50.1845   48.8901
174473   46.2451   34.8746
174056   37.5497   45.2525
174190   40.8392   45.9768
174096   47.2354   51.6549
174535   44.3431   42.2746
174703   44.3369   41.9886
174800    44.082   41.8767
174160   36.8281   49.4366
174941   35.9121   49.7962
175000   38.2442   48.7981
175308   43.6323   38.8142
175482   49.4235   40.8079
175577   49.8605   40.9712
175353   35.5884   43.3865
175443   40.8441    52.312
175000   47.5052   51.6733
175672   37.2084   41.1781
175544   46.6466   39.6552
175050     44.52   41.9679
176318   35.3428   43.4714
176762   39.2779   52.0708
176194   50.2481   39.6412
176132   51.1817   44.9478
176359   37.4955   33.2273
176619   34.6191   34.4541
176725   34.2214   34.7872
176133   52.9995   42.9356
176300   52.6221    43.436
176346    52.641   43.4118
176355   52.6414   43.2878
177532   50.0546   40.8766
177703   45.7451   35.4853
177713   45.9109   35.5815
177866   45.7807   34.6912
177373    45.107   47.9845
177681    39.042   50.8958
177780   49.5535   45.2931
178853    41.039   48.2875
178427   48.6777    40.132
178267   35.1271   40.1341
178333   35.2455   40.0241
178230   39.0667   45.8482
178381   41.7664   45.2465
178412   41.4667      45.5
178441   41.0261    45.334
178492   41.1446   45.8161
178849   40.6563   45.5496
178369    47.366   52.2967
178524   48.3282   52.6747
178930   37.7399   41.0602
178716   46.8495   43.9433
179183    40.597   47.0887
179268   40.1565   47.4188
179371   40.3504   47.4414
179026   46.2931   51.4733
179432   40.6002   44.6576
179516   40.6363   44.6067
179576   40.3364   44.9562
179693   40.3001   45.1478
179994   40.8655    45.366
179857   52.4501   47.2545
180035   40.3735   48.2739
180141   40.1047   48.6604
180173   39.5878   48.6724
180237   39.1359   49.1879
180554   49.7333   42.1722
180832    33.632   41.3689
180000   53.3221   40.0667
180000   40.9736   45.3695
180127   40.8392   45.9955
180179   40.5837   46.1557
180665    40.595   46.5883
180107   46.0319   49.8345
180128   45.7699   49.6497
180085   49.4575   46.1627
180238   47.9872   47.0903
180734   50.8679   45.7333
180658   41.6539   52.0187
180816   42.3564   44.8766
180865   43.1512   45.5682
180876   43.1943   45.5813
181802   45.7784   36.1171
181848   46.0306   35.8671
181387   35.3347     46.52
181284   47.3623   46.8375
181601   48.4224   46.0314
181321   49.9197   43.1755
181529   49.7013   36.9542
181953   48.8829   37.8323
181988   49.1768   37.5763
181897   36.6827   38.5835
181625   51.4507   45.6589
182296   48.2868   34.8999
182276   50.6721   34.2722
182296   50.8633   33.8656
182343   50.6838    33.188
182000   49.3301   37.8545
182088    51.694   52.0677
182223   51.8652   51.0659
182000   36.8335   38.7315
182055   36.8841   38.5099
183106   37.9056   36.7298
183000   47.8403   42.0001
183248   49.0417   42.0914
183393   49.4436   41.9834
183417   49.8852   41.5647
183467   50.1613    41.825
183371   46.3916   52.3322
183569   45.7104   52.7734
183235   45.1484   43.7037
183047    45.364   36.3051
183069   45.2974   36.4351
183750   45.8342   37.7299
183774   45.9606   37.4138
183801   46.7359    37.251
183867   46.6534   37.0544
184171   40.6392   46.5902
184741   49.7475   51.9198
184857   48.9582   52.0572
184400   44.7875    39.109
185811   39.6367    51.244
185845    39.922   51.4425
185314   35.1141   46.9269
185605   35.6224   47.3467
186487   39.5501   34.6688
186748   42.9746     51.68
186499   37.1921   35.3075
186222   39.4328    38.047
186183   45.7542   45.1134
186338   35.0155   33.7174
186221   35.7422   41.5896
186012   51.8366   47.3202
186138   51.6747   47.1346
186169   38.9355   45.8892
187399   38.8077   41.4792
187655    38.518   40.8377
187817   37.9042   40.9183
187142   47.2775   39.4829
187806   46.7298   40.2909
187301   39.4195   45.3875
187101   42.9087   50.5755
187422   41.1008   38.6253
187485   40.8787   38.6213
187679   39.8022   37.7611
187935   50.3483   46.8427
187265   36.8332   45.5275
187473   33.5321   50.4505
187573   33.6319   51.5147
187584   33.7806   51.6176
187855   33.5233   52.4981
188044   38.2664   42.2269
188802   39.9972   50.9377
188040   36.4105   40.3746
188089   36.7895   40.8216
188148   36.5231   36.0666
188656   51.5311    48.687
188238    40.462   42.0927
189934   38.6079   45.5914
189265   36.8224   40.5566
189429    36.882   40.7526
189519   37.0439   41.5296
189898    35.466   49.2715
189912   39.8063   38.9953
189092   39.5714   40.4732
189140   39.2915   40.6961
189173   39.3534   41.1888
189224   39.8837    40.995
189424   39.6593   40.3939
189589   39.4562   41.9448
190145   38.1134   44.7515
190505   36.3148   42.4876
190130   34.3988   48.6436
190540   49.6021   43.5825
190407   37.3773    38.859
190637   37.4644   39.5981
190507   35.1976   39.9661
190124    39.984   37.2388
190944   39.5633   41.3646
191469   37.9741   39.7042
191814   39.4526    38.569
191652     39.65   49.3029
191906   40.2515   48.6858
191455   51.9971   40.1274
191778   51.1753   39.7823
191163   41.4892   34.5427
191000   38.9861   41.8146
191420   39.7766   41.4172
191216   48.0041   37.2047
191388   51.4526   35.3055
191932   50.5483   34.6698
191873   34.9959   42.5071
191941   35.7589   42.7479
191348   46.3339   47.5569
192333   34.6297   46.2089
192934   46.5513   39.2053
192014   39.9528     49.14
192094   39.9608    48.826
192970   44.0255   35.5525
192897   44.5157   37.7428
192068   50.6208   35.9905
192419   51.0104   35.6763
192079   46.6166   48.0569
193817   37.1919    38.189
193841   37.2784   38.4052
193649   35.9636   46.0212
193751   44.9572   42.6189
193657   38.1873   47.4942
193789   47.3002    43.143
193223   44.6773   42.1192
193306    44.821    41.488
193479   44.3836   40.1467
193242   50.6182     40.72
193000   43.9909   36.1969
194695   40.1008   38.9659
194169   36.7492    47.634
194211   36.5302   46.5249
194808   43.2631   48.4842
194444   38.1273   36.0218
195950   39.5871    48.692
195997   39.8369   48.6555
195070   39.3097   38.9297
195303   43.1336   41.2427
195502   43.6437    41.482
195521   43.3649   41.7577
195577   43.7037   41.2861
195674   44.0836   40.8729
195605   48.0373   49.1417
195779   48.5531   48.1262
195799   48.6993    47.919
195819   40.3131   47.0072
195986   41.8919   46.9977
195998   41.8079     46.97
195699   42.5817   33.6749
195000   43.4879   36.2247
195134   45.1092   35.9367
196163   40.1078   40.3041
196188   39.5052   40.4054
196319   40.0977   41.1516
196499   49.6779   46.7394
196026   44.2581   41.8428
196045   44.3424   41.7616
196694   36.5363   48.3682
196963   46.3426     36.54
196611   38.3412   36.6498
196982   44.1062    37.944
196690   43.2166   35.2975
196853   44.6645   36.7694
196958   44.2667   51.8442
197971   37.1348   38.8763
197179   45.3655   43.7068
197000   36.3612   47.2399
197247   37.1508   46.7356
197000   46.5316   36.5495
197071   46.0473     36.47
197417   45.4047   36.4375
197175   40.3593   36.8999
197695    42.073   43.8229
197111   47.2073   48.8888
197359   47.2646    48.977
197389   47.2661   48.5881
197499   47.1006   49.1403
197869   37.5229   36.0933
197219   45.9663   46.5833
197742   45.7903   47.1667
197877   45.5994   47.0483
197943   45.4301   47.2353
198688   37.0708   38.6047
198099   35.7808   47.9388
198284   36.7691   46.8637
198106   40.2926    41.638
198642   41.9862   42.1006
198735   42.3224   42.3085
198019   50.6763    47.382
198253   50.1573   47.4841
198466   51.4372   46.3417
198488   48.9039   45.2341
198685   48.9379   45.4825
198701   39.5387   39.9642
198399   34.9973   39.7569
198889   41.3466   39.4401
198101   42.2503   46.4346
198670   33.4274   38.9952
199126   50.6134   44.6902
199000    35.937   48.5313
199519   36.7106   46.6166
199756   37.7412   46.1206
199913   37.0151   46.9359
199000   42.2967    41.961
199514   41.7275   41.8198
199111   40.0132   36.1604
199129    40.052   36.4042
199226   39.8907   36.6336
199880   44.6841   43.0078
199411   44.1436   40.4835
199812   44.4053   37.1007
199820   44.5492    37.133
199847   44.5604   37.4375
199336   39.1236   40.0142
199503   49.2133   48.8516
