100483     19   8.16     44     78
100901     41    6.8     24     18
100927     74   8.08     19     13
101202    102    5.6     77     24
101265    106   5.44     77     26
101329     87    6.8     65     49
101370     87   7.92     65     49
101461     87   8.88     60     53
101461    113    8.6     70     77
101565    120   7.64     31     81
101617    144   7.88     29     79
101646    144   7.96     29     79
101757    144    5.6     32     80
101918    158   7.92     17     66
102417    183   5.16     14     64
102544    220   20.8      6     84
102564    221  11.92     11     63
102607    221    6.4     13     63
102632    163    8.6     63     56
102634    228   5.52     13     60
102661    163   9.92     63     56
102701    235   9.12     11     63
102741    236   9.36     18     73
102836    233   9.48     58     34
102858    233  12.72     57     34
103239    275   6.76     25     78
103258    275   5.52     25     78
103356    275   8.84     25     75
103478    286  10.88     74     30
103865    305  15.36     24     20
103940    320   21.4     16     51
104012    325  16.76     12     38
104049    330   6.52     17     28
104049    331   6.56     10     41
104070    330    7.4     12     35
104081    312   6.08     53     23
104103    330   8.48     12     35
104176    348  17.16     15     20
104237    324  18.88     67     67
104263    339  21.08     55     24
104263    352  20.68     50     63
104278    339   21.2     55     24
104322    357   5.48     81     31
104346    339  17.84     55     24
104515    363   6.52     41     82
104523    356   10.4     21     73
105055    386   7.68     70     60
105191    395   10.4     74     15
105347    405   6.16     35     38
105582    405  18.56     32     44
105582    414  18.04     60     26
105836    405   13.2     31     44
106104    455    9.2     33     20
106140    446   7.04     63     26
106202    473   6.56     18     32
106203    473      6     18     32
106412    476  10.96     17     34
106482    499   8.72     14     33
106506    500   7.52     79     69
106551    508  10.64     70     68
106563    508   5.36     70     68
106658    515  16.36     68     60
106685    520  16.88     67     59
106839    505  11.68     26     32
106841    529  11.88      9     49
106841    530   11.6     15     45
106865    529  10.16     12     48
106868    527   5.12     87     23
106878    531   9.76     74     60
107015    537     10     77     61
107061    548   8.64     76     68
107142    553  13.32     75     63
107156    561   9.72     74     58
107452    564  13.52     79     64
107534    579  10.88     75     58
107905    599     12     74     62
107959    575  18.76     23     57
108086    600   8.16     74     62
108197    616  33.88     11     53
108289    619    8.4     17     61
108426    619  14.32     17     57
108589    630  10.08     19     53
108709    641  17.48     18     54
108810    652   19.2     20     53
108946    663   6.28     77     81
109257    671    5.8     79     81
109346    708   6.04     23     85
109361    704   6.28     81     79
109362    703   6.48     26     50
109362    706   5.72     33     27
109377    709  11.52     22     85
109402    703  19.28     26     50
109449    710   7.36     24     82
109465    712  14.32     19     42
109490    715   8.88     76     79
109492    713    6.6     23     40
109496    713   6.96     23     40
109496    716   6.88     20     23
109497    713  14.08     23     40
109506    714    5.8     24     79
109569    718   12.4     28     26
109573    717  10.88     24     75
109604    720  12.44     24     74
109663    723   6.16     31     51
109721    692  32.48     65     51
109767    735    8.6     25     46
109784    735    7.8     25     46
109809    735    9.8     25     46
109980    756   7.96     80     76
110056    742   6.28     23     80
110081    761   8.08     20     80
110091    733  10.84     29     22
110133    767     14     17     14
110302    734   8.84     52     36
110326    766  14.64     21     82
110409    776  10.12     25     22
110458    734   8.16     52     36
110458    788      8     49     63
110472    734   5.52     52     36
110524    800  13.56     43     69
110538    800  13.72     43     69
110635    815   7.32     25     82
110884    850  10.64     70     66
111123    831   6.84     68     44
111123    864   6.52     41     37
111172    831  12.04     68     44
111182    831   6.44     68     44
111261    888  12.76     66     41
111452    888  12.12     63     41
111463    903   6.76     33     14
111470    900  12.32     76     27
111517    910  13.88     68     20
111529    888   10.4     55     42
111566    888    9.8     55     42
111584    888   7.96     55     42
111604    888   8.88     56     42
111684    888   8.04     56     42
111915    950   8.64     79     11
111987    967  13.16     68     14
112014    967   5.48     73     13
112099    973  12.96     74     36
112122    984  13.28     32     21
112126    973  11.92     74     36
112147    984   6.92     31     22
112155    956   6.32     33     63
112206    990   8.72     74     14
112323    984    9.2     29     22
112347    984  25.56     29     22
112359    998   8.56     68     38
112413    993  25.96     34     67
112413   1005  25.64     18     42
112418   1007   6.64     58     60
112429   1007   23.6     59     60
112433    993   27.8     34     67
112437    993  28.56     34     67
112437   1012  28.24     16     35
112439   1011   7.24     73     27
112444    993    6.4     34     67
112446    993  21.68     34     67
112451    993  22.12     34     67
112451   1013  21.92     27     27
112461   1011   9.44     71     38
112464    993  21.08     34     67
112474   1007  10.16     63     60
112493    993  17.64     34     67
112520   1014  24.28     30     26
112526   1007      6     63     60
112549   1016   8.68     25     28
112552   1007   21.6     63     60
112552   1016  21.28     25     28
112565   1007   16.6     63     60
112569   1007    9.2     63     60
112589   1007  13.36     65     60
112589   1019  13.04     42     35
112608   1007  13.16     69     60
112611   1018   8.16     26     70
112616   1017  16.48     30     28
112641   1017  10.96     30     28
112665   1007   5.92     72     52
112677   1017  12.16     30     28
112786   1024   8.04     75     50
112795   1024  14.44     75     50
112810   1023   11.4     37     70
112866   1030   9.96     26     54
113063   1041      8     30     24
113113   1041   9.68     30     24
113139   1056    6.2     75     78
113169   1033   6.12     27     59
113288   1071      8     77     74
113304   1071   8.16     79     74
113316   1071   10.2     79     74
113333   1071   10.2     79     74
113366   1062  11.12     35     27
113382   1079  12.04     22     23
113408   1078   16.2     60     55
113425   1078  17.44     60     55
113425   1085   17.2     13     16
113435   1078  17.88     60     55
113443   1078  18.16     60     55
113443   1086  18.12     11     20
113466   1078  19.88     60     55
113470   1092  19.92      9     23
113473   1078   9.88     60     55
113483   1078  11.88     60     55
113499   1078  14.16     60     55
113507   1078    6.6     60     55
113510   1094   8.24     22     28
113554   1078    8.2     60     55
113586   1101  10.04     30     16
113664   1078  17.56     60     55
113664   1106   10.2     27     16
113760   1078  13.24     60     55
113768   1078  12.16     60     55
113768   1121  12.24     24     24
113790   1078  12.28     60     55
114372   1149   5.88     74     24
114428   1152   8.44     20     84
114656   1167   9.88     75     24
114658   1078   8.04     51     46
114658   1163   8.12     43     66
114682   1078  12.24     51     46
114687   1170   5.52     37     61
114788   1179  13.76     56     19
114881   1174  10.72     43     60
114966   1189    6.2     52     83
114969   1198  14.12     56     19
115232   1217    7.2     29     62
115238   1217   6.72     28     62
115280   1219  10.24     53     80
115288   1225  11.84     79     70
115302   1225  19.04     79     70
115405   1234      5     50     76
115535   1237   5.92     47     75
115576   1217   7.16     28     62
115576   1241   6.96     39     77
115591   1217   6.48     29     70
115603   1217      5     29     70
115614   1217   7.56     29     70
115700   1254   9.96     83     65
115711   1247   6.24     45     76
115718   1254  12.72     83     65
115803   1263  10.24     81     67
115842   1263    8.6     81     67
115906   1276   6.76     72     24
115968   1266   7.52     27     63
116407   1283   9.84     42     74
116544   1343   6.28     56     40
116626   1340  10.24     52     80
116640   1340   9.76     52     80
116644   1340   9.44     52     80
116788   1340  11.24     52     80
116807   1340  10.04     52     80
116835   1340   7.88     52     80
116858   1340   9.68     52     80
116872   1360   5.72     23     64
116953   1340  10.08     52     80
117089   1365    7.8     60     65
117248   1374   9.48     64     21
117250   1374     10     64     21
117259   1374   6.32     64     21
117281   1365    9.4     55     67
117401   1386  14.36     29     72
117681   1422   6.68     75     83
117758   1435   8.16     49     38
118219   1447   14.2     45     41
118219   1485  13.72     61     25
118269   1447  19.32     45     41
118323   1496  16.28     51     28
118460   1506   6.76     65     20
118731   1535   8.28     68     26
118734   1535   8.12     68     26
118751   1535   5.44     68     26
118933   1532   10.2     53     67
118993   1555   6.28     58     45
119197   1532  15.44     53     67
119210   1569  14.36     34     66
119250   1571   9.68     43     67
119254   1571  27.56     43     67
119332   1577  14.28     43     68
119382   1593  19.92     28     84
119405   1576  11.72     71     26
119496   1599   13.2     54     25
119578   1604  13.36     51     22
119654   1609  14.12     47     21
119720   1610   12.2     50     17
119818   1619   9.16     61     22
119852   1629   5.32     21     86
119867   1628   7.24     65     27
119949   1635   5.12     67     28
120258   1666   8.12     64     34
120261   1663   6.32     23     84
120401   1686   9.16      7     78
120453   1697  12.64      9     74
120483   1696   7.84     40     39
120508   1696   6.56     40     39
120510   1701   7.48     11     72
120516   1696   6.76     40     39
120522   1702  10.76     11     73
120545   1696   20.2     40     39
120549   1702  16.56     11     73
120552   1704   8.84     69     32
120555   1704   12.2     69     32
120593   1710   7.68     12     63
120604   1706  12.36     68     29
120633   1716   10.2     69     30
120749   1712   7.16     36     39
120778   1725   7.08     69     29
120783   1727  13.84     39     71
121054   1748    7.4     33     40
121054   1754   6.56     11     30
121057   1748   12.8     33     40
121062   1727  12.32     34     71
121105   1761  21.56      8     62
121142   1764   9.08     39     36
121169   1764   8.36     39     36
121268   1766   5.28     12     32
121401   1775     10     11     68
121436   1771   13.2     33     52
121469   1771  16.68     30     51
121477   1788   8.76     14     69
121488   1788   7.28     14     69
121489   1787   5.04     51     15
121516   1788   8.24     14     69
121717   1788  15.16     20     61
121822   1822   8.76     83     77
121853   1827  14.08     11     64
121895   1837   5.32      7     37
121931   1832    8.2     16     59
122119   1841    5.4     13     68
122290   1854   8.12     16     66
122509   1885   5.24     23     88
122849   1970   5.96     80     42
122892   1985  13.28     80     35
122926   1994  18.36     69     27
123147   2003   6.44     27     85
123265   2022  11.08     42     40
123442   2034  13.36     65     26
123461   2034  14.84     65     26
123476   2041   8.04     22     63
123611   2046   6.88     18     66
123611   2056   6.64     40     72
123642   2046  18.44     18     66
123724   2067  22.44      7     68
123789   2071   6.36     12     67
123793   2030  11.56     61     54
123812   2030  13.24     59     48
123814   2030  12.84     59     48
123821   2030  11.04     59     48
123826   2030   9.84     59     48
123865   2072   6.16     40     71
123888   2030   7.68     59     48
123909   2030  17.76     58     48
123924   2085  23.56     14     68
124005   2091  22.68     10     66
124212   2105  10.44     66     23
124224   2119  17.24      8     67
124475   2129   7.92     37     74
124484   2129   7.32     37     74
124527   2123   5.48     60     21
124537   2129  13.24     37     74
124585   2141   5.48     52     15
125004   2168   9.08     14     63
125098   2168  17.24     14     63
125329   2199    7.8     75     62
125424   2207   5.56     82     56
125516   2218   5.28     54     18
125525   2228   5.48     43     23
125558   2232    7.4     43     23
125607   2232    5.6     45     23
125755   2231  19.28     26     71
126389   2281  11.16     62     47
126418   2281   7.76     62     47
126483   2293    9.2     40     76
126489   2293    8.6     40     76
126507   2281   9.68     62     47
126562   2281  17.88     62     47
126623   2306  38.76     55     49
126822   2318    8.6     57     51
127155   2333  12.64      8     17
127453   2352    6.4     10     14
127609   2351  13.32     71     42
127625   2351  14.08     71     42
127642   2351  11.64     71     42
127676   2351   7.96     71     42
127680   2351   8.76     71     42
127697   2351   10.2     71     42
128092   2351   5.88     70     42
128092   2415    5.2     47     77
128121   2351  28.88     59     34
128130   2351  27.64     59     34
128130   2421  14.32     52     76
128147   2351   5.36     59     34
128168   2351   6.28     62     38
128168   2432   6.24     53     76
128182   2351   13.2     58     54
128200   2351   8.88     60     55
128216   2436   8.44      8     45
128256   2439   9.72     12     47
128270   2440   9.68     67     42
128376   2440  15.52     67     42
128381   2438  10.92     59     81
128420   2451  10.56     39     65
128559   2470   20.8     36     63
128637   2450   7.12     61     47
128679   2472  10.48     36     63
128700   2450   7.88     61     47
128717   2491      7     36     65
128864   2500   6.28     36     63
128901   2503   10.8     76     70
129108   2539    7.8     67     68
129111   2539  12.12     67     68
129117   2538   7.96     35     69
129158   2536  13.28     66     43
129173   2540  14.84     46     15
129258   2542  12.52     68     67
129274   2547    6.4     56     74
129308   2549   5.64     66     69
129391   2548  18.64     12     63
129447   2541   12.4     65     41
129457   2541  10.76     65     41
129585   2569   7.92     17     15
129676   2565   7.04     30     71
129884   2590   18.8     25     68
129996   2592   18.2     27     57
130072   2600   11.2     25     82
130123   2605   5.48     14     21
130124   2603   11.8     25     82
130269   2607     15     26     83
130271   2617  11.04     39     57
130330   2607   5.48     26     83
130330   2617   5.44     41     58
130590   2607   5.36     34     59
130604   2607   9.48     38     58
130623   2607    8.4     38     58
130653   2640  13.44     14     22
130747   2651   7.56     11     25
130747   2653   7.12     11     43
130772   2541   7.24     60     41
130834   2541   9.56     58     41
130855   2664   8.04     39     77
130958   2665  22.16     14     49
130980   2541   7.56     59     41
131012   2676   7.04     59     48
131153   2683   5.28     75     71
131160   2694  24.84      8     49
131203   2695   7.12     11     51
131281   2695  10.32     12     51
131294   2697   9.36     26     80
131317   2703   6.64     11     71
131339   2703  10.68     15     71
131358   2704   9.24     36     61
131358   2707   9.36     15     76
131359   2704   9.08     36     61
131379   2708   7.16     15     77
131405   2717    8.6     14     74
131473   2699   6.28     75     74
131624   2731   7.36     77     12
131688   2737   5.16     74     44
132182   2712   5.72     43     39
132538   2780     17     10     69
132632   2779   5.48     84     76
132672   2785      7     81     74
133365   2794    8.2     77     56
133585   2813   7.76     31     52
133600   2820   8.36     65     16
133601   2820   9.12     65     16
133956   2813    6.4     32     55
133985   2871   6.04     28     86
134025   2872   5.24     28     61
134188   2904  14.68     17     25
134198   2905  14.52     18     28
134307   2909  14.76     26     38
134361   2923   7.44     22     31
134366   2923   7.08     22     32
134366   2924   7.12     42     55
134376   2923  20.32     22     32
134381   2925   6.72     13     19
134389   2925  16.92     13     19
134444   2928   20.2     10     20
134457   2929  18.96      8     20
134490   2931  13.68     10     18
134501   2931  12.28     11     18
134501   2932  12.32     25     29
134624   2931     22     15     19
134656   2944  21.12     11     18
134800   2957  12.72     15     75
134801   2948  15.28     13     18
134855   2962   7.72     28     40
134926   2948    5.8     14     18
134972   2948   8.16     14     18
134984   2948   7.24     14     18
134992   2948   7.24     15     18
135023   2948   7.12     17     19
135085   2977   9.92     34     49
135090   2977   9.96     34     49
135422   2977      7     34     56
135616   3010   10.4     74     43
135630   3015    8.6     73     42
135718   3028   6.28     75     23
135735   3029   6.52     27     65
135745   3029   6.36     27     65
135762   3030   5.52     79     22
135946   3055   6.52     76     25
136845   3108  11.64     57     25
137701   3208   8.32     48     22
137825   3240  14.28     31     16
138061   3261  10.08     55     77
138407   3274   5.76     77     47
138554   3290   9.96     74     43
139019   3337      7     80     21
139495   3375   5.16     80     19
140164   3462   7.84     65     61
140174   3462   8.64     65     61
140177   3464  10.88     70     35
140237   3472    9.2     54     48
140244   3472   8.68     54     48
140512   3497   6.68     13     73
140580   3488   8.92     56     46
140612   3469   7.68     28     53
140625   3488   7.72     56     46
140696   3488   7.36     56     46
140696   3510   7.32     50     29
140798   3488   8.56     56     46
140798   3509   7.96     29     53
140818   3488   5.72     51     46
140988   3514   7.64     33     22
141009   3542   10.6     26     24
141037   3544   9.72     27     23
141061   3532   5.48     71     41
141080   3548   13.4     27     24
141202   3551   7.64     52     61
141204   3551   7.76     51     61
142846   3700   5.12     50     11
142883   3666   5.44     58     36
143404   3748  15.36     51     70
143461   3753   8.52     51     69
144198   3799   9.84     53     32
144272   3804   7.56     44     57
144272   3817   7.28     75     76
144281   3804  22.76     44     57
144290   3822  15.84     48     20
144304   3823  11.08     63     58
144313   3823  11.72     63     58
144320   3823  11.76     63     59
144346   3823  10.76     64     60
144449   3829   5.76     78     82
144542   3823  12.96     53     60
144560   3823  10.28     53     60
144560   3831  10.12     74     33
144576   3823  31.52     53     60
144607   3843  19.72     42     63
144626   3843  16.44     42     62
144626   3847   7.08     71     33
144683   3843   18.4     45     60
144698   3843  15.32     45     60
144711   3843  10.48     63     54
144725   3843  10.16     64     54
144726   3856      5     47     25
144727   3843   8.04     64     54
144737   3843   9.84     56     56
144768   3843   9.84     56     56
144790   3843   10.2     56     56
144794   3843  10.24     56     56
144847   3843   7.44     56     56
144926   3843    9.2     55     56
144948   3843  10.12     55     56
144948   3874   9.32     71     67
144956   3843   9.16     55     56
144969   3875  10.64     70     48
145037   3843  10.72     50     57
145037   3886  10.28     71     49
145307   3866  10.52     51     28
145342   3866   10.4     51     28
145352   3843   9.24     66     61
145519   3905   6.72     44     30
145533   3905   7.56     44     30
145554   3905   8.72     44     30
145581   3905   7.68     45     31
145913   3954   8.76     70     48
146064   3973  10.24     88     75
146122   3973  16.88     87     74
146188   3979      7     45     29
146250   3978  23.92     61     72
146274   3985   10.4     44     52
146305   3985   6.24     47     54
146328   3984  15.08     61     75
146338   3984   8.68     61     75
146340   3984  12.28     61     75
146348   3984  26.88     61     75
146375   3992   8.24     48     34
146385   3995   7.92     75     59
146504   3995    8.2     75     59
146519   4005   6.48     76     32
146529   4002   7.28     41     35
146599   3995  11.72     72     60
146600   3995  13.56     72     60
146664   4016   9.84     30     60
146690   4024  17.24     60     71
146707   4026   6.96     34     59
146738   4029  23.04     53     51
146751   4031   9.88     56     50
146779   4031  11.44     70     61
146826   4031  20.96     73     61
146891   4038  18.32     64     72
146934   4044   14.4     16     29
146946   4055   17.2     12     24
147006   4061  18.88     65     66
147017   4056    8.8     40     22
147017   4057   8.36     14     28
147049   4056  11.16     40     22
147056   4065   8.32     14     24
147065   4066   9.72     21     44
147126   4079  15.52     67     68
147150   4075      9     25     41
147368   4087  14.48     51     55
147368   4095   6.36     28     38
147511   4087  16.16     43     55
147546   4108  11.48     32     57
147561   4109   9.72     38     75
147598   4112   9.76     35     83
147815   4124   5.16     30     43
147820   4135   6.84     75     23
147834   4137   19.6     72     52
147834   4138   6.44     43     53
147851   4137  20.76     72     52
147999   4158   9.64     72     48
148018   4158  12.08     67     50
148166   4179   6.16     74     56
148166   4180   5.52     50     40
148194   4179   7.68     74     56
148459   4208   5.44     22     91
148505   4213    6.2     12     59
149129   4241   6.72     31     43
149435   4275    8.6     52     37
149441   4286   7.84     74     76
149699   4294    6.8     26     19
149883   4318   7.72     30     19
149958   4323  13.16      7     80
149992   4326   9.04     10     79
150049   4329    5.4     17     79
150155   4302    9.2     56     52
150173   4302    7.6     56     52
150173   4341    7.4     55     34
150193   4320  10.16     28     16
150325   4351  11.32     26     74
150357   4302  13.08     50     52
150379   4346   8.44     27     17
150383   4351   8.48     26     74
150409   4358   14.8     29     17
150416   4302  14.64     48     56
150416   4354  13.96     45     40
150424   4349   8.72     72     78
150425   4302   7.52     48     56
150502   4359  11.08     28     18
150519   4362     13     55     78
150567   4368   5.44     81     29
150571   4369    8.8     61     77
150579   4364   8.32     19     66
150596   4302   5.48     48     56
150631   4302   5.64     48     56
150639   4370   11.2     12     52
150652   4302   6.48     46     56
150692   4379   7.12     24     77
150698   4373   6.08     79     25
150848   4376   6.28     43     38
150878   4376   8.96     46     41
150901   4376   8.48     46     41
150927   4379   6.48     24     77
150936   4376   6.24     47     42
151230   4401   9.72     26     76
151385   4413   9.12     45     18
151390   4413  11.48     45     18
151451   4416   6.36     47     14
151543   4422  15.08     40     22
151572   4426   14.6     38     20
151643   4431   5.96     40     21
151662   4431  14.48     41     21
151672   4428   7.04     16     54
151695   4428    6.6     16     54
151705   4435  26.36     39     20
151985   4461  16.68     75     62
151994   4470  19.84     69     42
152040   4473   8.48     66     41
152056   4473   7.08     66     41
152056   4476   7.52     70     63
152075   4473   7.44     69     41
153170   4570   6.52     31     77
153180   4565   7.16     77     74
153374   4590   6.24     28     15
153391   4584   5.44     70     40
153391   4595   5.24     50     53
153416   4584    7.8     73     50
153465   4584   6.24     72     50
153617   4610   7.24     52     55
153617   4611   7.12     70     47
153620   4610   7.28     52     55
153665   4612   5.04     66     48
153667   4612   16.4     66     48
154021   4640  14.32     31     75
154023   4640  21.24     31     75
154062   4649   6.32     84     14
154099   4654    6.6     78     18
154262   4654    5.2     64     18
154380   4660   5.04     14     31
154400   4685   9.84     69     51
154434   4686  12.04     24     71
154465   4680      5     59     15
154526   4693   14.6     23     66
154751   4685   6.96     45     50
154767   4685    6.2     45     49
154938   4685    5.6     47     45
154943   4685   6.44     47     45
155143   4685   5.44     47     45
155282   4685   8.16     43     43
155296   4685   8.28     43     43
155357   4685   7.64     43     43
155721   4759   5.16     25     78
155796   4764  11.44     67     78
156042   4777    8.8     46     70
156347   4799   10.2     47     70
156354   4799  10.16     47     70
156439   4815   7.44     27     12
156627   4829  10.72     44     69
156879   4838   5.12     76     28
157186   4851    8.4     62     25
157555   4880   6.72     71     69
157574   4829    7.6     52     64
157583   4882    8.6     23     47
157583   4883    8.2     34     70
157623   4882  10.44     22     53
157810   4890   6.16     62     74
157944   4892  10.92     72     29
157964   4892   9.52     72     29
157985   4904   5.48     66     78
157987   4892   7.12     72     29
158009   4892   7.08     72     29
158069   4892   6.24     72     29
158342   4892    7.2     67     31
158402   4926    7.2     67     28
158430   4927  11.28     66     27
158485   4928   5.16     68     30
158505   4928      7     69     29
158517   4930    6.4     70     29
158613   4905   10.8     36     77
158872   4932   9.32     58     41
158939   4932   9.36     58     40
158947   4952   9.52      9     52
159050   4932   8.44     59     34
159090   4932    8.6     59     33
159212   4932   8.56     60     33
159243   4932   7.92     60     33
159273   4932      8     60     33
159297   4932  10.64     60     33
159378   4960  14.72     59     66
159423   4932   9.68     60     29
159443   4932   5.08     60     29
159461   4932  13.64     60     29
159504   4977   6.52     82     74
159519   4989  10.16     38     68
159573   4993  12.12     60     67
159593   4996  11.84     58     70
159642   4999   8.32     61     72
159654   4932   9.28     60     29
159661   4932  35.32     60     29
159683   5000    8.2     40     28
159686   5000  34.72     40     28
159767   5005   14.4     42     32
159846   5013   6.32     67     46
159865   5013      8     67     46
159872   5013   10.6     67     46
159877   5013  12.52     67     46
159897   5013   5.32     67     46
159927   5023    8.2     37     69
159927   5030  16.64     68     89
159948   5013   6.48     67     46
160025   5035     12     67     73
160078   5013   9.04     64     44
160091   5013   9.32     62     30
160119   5013   11.2     62     30
160198   5050   5.44     20     31
160240   5050   7.12     20     31
160254   5048   8.64     64     27
160349   5056   5.08     27     44
160372   5068   8.84     77     80
160417   5068  10.52     77     80
160422   5059      8     65     32
160443   5059   9.08     65     32
160467   5059    7.6     65     32
160516   5077    5.2     74     76
160643   5091   9.12     73     73
160648   5092  10.48     72     75
160692   5059   8.24     65     32
160707   5096  10.68     71     75
160730   5097  10.48     71     74
160864   5105   6.48     75     78
161218   5117   9.36     66     72
161372   5124   6.92     62     73
161398   5126   7.32     63     74
161421   5128   8.96     61     75
161454   5129   9.36     63     76
161515   5104     15     35     73
161675   5116   6.52     17     43
161799   5158   7.84     15     36
161836   5159   9.52     63     80
161944   5163  10.72     67     79
161979   5165  12.04     66     74
162380   5197    5.6     12     64
162512   5217   5.44     11     62
162757   5233   6.12     79     66
162812   5240    6.2      5     68
163005   5236   9.64     69     47
163026   5278   7.56     58     29
163049   5281    7.6     45     24
163169   5292  11.88      7     63
163452   5310   8.48     52     26
163527   5310      7     52     26
163559   5310   9.04     51     27
163604   5310   8.92     51     27
163613   5310   8.28     51     27
163755   5310   7.88     50     20
164068   5338   9.52     34     56
164167   5351   7.24     36     58
164239   5364   8.04     44     14
164324   5369   8.48     35     46
164334   5369      8     35     46
164369   5376   5.04     46     13
164761   5414   8.24     73     70
164821   5417   9.48     72     66
164824   5416   6.76     75     22
164904   5413   5.04     56     57
164917   5423   8.84     12     73
165146   5369   7.08     28     41
165306   5455   6.56     77     51
165331   5455   8.88     77     51
165346   5455    7.8     77     51
165415   5455   8.52     77     52
165468   5455  11.64     77     52
166503   5561   6.88     45     80
166527   5568    6.6     44     79
166606   5571   7.92     72     65
166658   5576  10.44     21     74
166742   5586  13.68     15     82
166817   5593  10.24     17     82
167438   5642   6.12     76     76
167660   5655  14.24     19     81
167744   5663  13.96     17     82
167841   5674  22.36     15     81
167887   5677  23.84     13     82
168062   5684  13.76     17     81
168083   5676  11.16     77     78
168103   5676   14.6     77     78
168144   5700  11.48     59     68
168151   5702  17.64     14     86
168161   5700     11     59     68
168168   5700  10.56     59     68
168170   5700     10     59     68
168490   5708  16.16     20     75
168518   5700    5.8     63     72
168654   5730   7.52     70     29
168663   5730    8.6     64     30
168869   5728  10.04     29     69
168896   5728    9.2     29     69
169141   5728  12.96     26     69
169521   5827   6.96     71     56
169521   5828   6.88     62     77
169522   5827   6.84     71     56
169526   5827   6.52     71     56
169526   5832    6.6     60     71
169537   5827   5.52     71     56
169568   5827  10.08     71     56
169582   5841   8.96     64     71
169582   5842   8.56     66     67
169840   5868   8.76     69     64
169851   5868    8.8     64     54
170001   5873   8.68     17     70
170014   5873  11.24     17     70
170127   5882   9.32     29     47
170127   5884   9.08     19     70
170153   5882   6.52     29     47
170246   5886  11.12     21     72
170555   5920     11     60     51
170563   5920   9.04     60     51
171045   5985    5.6     74     14
171527   6021  10.72     38     77
171530   6021  10.32     38     77
171544   6024   8.88     22     65
171720   6037    9.6     36     77
171732   6042   5.52     13     30
171769   6039   9.84     72     59
171828   6027  11.64     72     35
171828   6045  11.28     52     51
171833   6027   22.6     72     35
171945   6052   8.92     48     40
171949   6052   8.76     48     40
171949   6053   8.56     65     38
171981   6052  27.04     48     40
172024   6057   8.72     48     38
172033   6057  15.64     48     38
172093   6065   9.92     47     41
172573   6090   5.88     30     17
172768   6106   7.36     53     56
172768   6110   7.04     61     37
172771   6109   11.2     20     32
172778   6109   10.2     20     32
172782   6106   9.44     59     56
172791   6112  10.56     24     23
172852   6118   10.6     19     59
172855   6115   9.52     63     54
172873   6115    8.8     63     54
172877   6115  11.48     63     54
172883   6118   8.88     19     59
172990   6128   19.8     82     53
172990   6129  19.56     49     42
173004   6130      6     85     16
173019   6128  24.12     82     53
173147   6135   5.76     13     58
173303   6148   6.68     15     61
173323   6157   12.4     53     40
173461   6167   6.56     12     65
173562   6178  17.04     14     63
173564   6180  15.16     54     36
173580   6179    7.8      8     22
173643   6185   9.16     10     18
173663   6187    6.4     11     18
173673   6182  10.48     18     61
173707   6182     11     18     61
173762   6182   8.56     28     61
173795   6203   5.64     77     61
173798   6204  13.28     43     30
173810   6204  12.48     43     30
173825   6204   9.52     43     30
173830   6204   9.64     43     30
174034   6216   7.84     36     56
174056   6216   7.32     35     60
174074   6220   6.64     62     53
174074   6221    5.8     81     58
174075   6220   8.76     62     53
174160   6216  10.68     20     62
174233   6231     20     58     54
174273   6233  11.44     24     43
174300   6236   5.24     21     13
174319   6237   9.24     63     58
174368   6235   8.16     19     62
174381   6235  10.72     19     62
174440   6235   7.56     31     63
174443   6235   8.04     44     68
174517   6247   6.04     28     21
174535   6241   8.16     65     63
174551   6235   5.08     41     79
174586   6241     13     65     63
174653   6251   5.44     78     81
174669   6241    7.8     64     63
174703   6241  19.64     64     63
174703   6256   5.16     32     49
174718   6255   7.68     40     86
174745   6253   7.64     27     17
174781   6241   7.96     64     63
174800   6241   7.28     64     63
174823   6241      7     64     63
174828   6267   5.92     33     82
174880   6282   13.2     22     74
175004   6299  14.24     20     76
175012   6304   13.8     22     76
175024   6309   6.48     38     73
175043   6309    9.4     38     73
175050   6241  10.08     64     63
175130   6241  11.72     64     63
175135   6314      6     35     81
175223   6342   6.76     32     87
175594   6370   8.28     77     35
175693   6385   7.76     12     39
176484   6422  10.48     31     75
176498   6427   9.96     64     44
176647   6436  13.48     54     79
176785   6460  15.56     47     72
176821   6461      7     47     71
178230   6522   11.8     31     77
178235   6522  11.52     31     77
178381   6522   9.96     31     75
178395   6522    9.8     31     75
178412   6522   8.52     31     75
178438   6522   7.28     31     75
178441   6522    7.2     31     75
178489   6522   7.88     49     68
178492   6522   8.36     49     68
178559   6522   9.08     48     70
178600   6522   6.96     45     73
178716   6551  11.44     60     44
178793   6559  10.84     29     73
178849   6572      9     52     68
178853   6572   9.68     52     68
178930   6580   8.92     32     34
178938   6572      8     52     68
178949   6572   7.96     52     68
179345   6606    9.2     46     66
179432   6615      8     30     71
179488   6615   6.08     30     71
179516   6615   9.72     32     71
179528   6615   9.64     32     71
179551   6615      8     32     71
179576   6623   8.28     30     68
179646   6623    6.6     41     67
179670   6623   7.64     47     68
179693   6623   7.72     47     68
179712   6623   8.12     47     68
179857   6602  16.64     72     63
180049   6650   9.76     74     74
180075   6662   9.08     38     13
180085   6650   8.96     74     75
180107   6650  12.92     74     75
180128   6675  17.08     62     57
180136   6677  14.04     56     88
180140   6677   7.84     75     80
180141   6676      9     31     66
180146   6676    9.2     32     67
180171   6682   6.84     36     16
180176   6678   8.04     72     59
180176   6680   7.92     73     43
180179   6685   8.08     25     72
180190   6685  18.08     25     72
180221   6678   8.28     72     59
180228   6678   7.16     72     59
180228   6690   7.04     59     36
180237   6688   7.76     24     70
180238   6678  12.84     72     58
180239   6688  20.44     24     70
180242   6681  13.76     19     50
180246   6678   6.88     72     58
180282   6678   7.68     72     58
180282   6693   7.24     66     37
180288   6678   9.96     72     58
180432   6686  11.44     39     16
180621   6721   6.96     64     57
180621   6722   6.32     78     37
180630   6721   9.68     64     57
180661   6725   8.32     31     56
180665   6725  10.08     31     56
180686   6725  16.28     31     56
181463   6732   7.52     34     43
181562   6795   6.32     27     39
181601   6791    8.2     60     72
181625   6791    9.2     61     70
181653   6800   6.32     63     12
181697   6803      9     10     40
181897   6808   6.36     14     41
181925   6824   5.12     40     81
181958   6827  10.28     64     17
181965   6826   7.04     39     80
181988   6827      9     64     17
182003   6808   6.48     20     36
182020   6827   9.44     65     19
182024   6813   7.44     67     70
182055   6808   6.84     20     36
182077   6829   9.28     67     70
182121   6808   7.24     20     36
182128   6825   6.28     72     46
182128   6828   5.92     53     32
182139   6825   6.08     72     46
182151   6825   6.16     71     46
182151   6842   6.04     46     35
182206   6825   5.92     66     46
182508   6808   8.12     25     42
182752   6881   10.2     71     46
182772   6902  11.48     66     48
182970   6908  16.48     74     47
183243   6953   9.64     44     54
183463   6976   9.16     64     41
183467   6976   8.88     65     41
183488   6976   7.12     69     41
183521   6982   6.24     67     66
183524   6935    5.4     34     78
183524   6978   5.04     46     51
183549   6935   8.12     34     78
184078   6984   9.84     38     53
184171   6984    8.2     38     53
184330   7054   7.76     67     26
184392   7058   5.76     71     15
184548   7079   5.44     79     90
185009   7107    8.6     22     17
185053   7109  11.52     49     18
185136   7127  26.32     15     16
185250   7135    9.2     42     22
185361   7132   7.36     19     19
185694   7166   6.36     62     85
185713   7167   9.52     66     70
185751   7169   13.4     59     83
185850   7170   6.24     59     83
186016   7141  15.72     19     23
186093   7191  10.88     15     22
186154   7145    9.8     36     67
186169   7145  10.96     36     67
186172   7191   7.48     16     22
186183   7143  13.24     64     50
186201   7143  12.64     64     50
186427   7195   6.08     63     77
186495   7143  18.96     66     50
186589   7211   5.12     13     29
187101   7250   5.64     35     82
187181   7250   7.88     36     82
187203   7265   7.68     56     14
187209   7265     14     56     14
187234   7267   8.08     12     63
187265   7268     12     59     15
187265   7269  11.12     13     48
187281   7269  11.32     13     48
187304   7270  13.48     56     16
187368   7273   10.8     20     68
187422   7285   8.96     15     43
187472   7288  11.24     59     17
187536   7285  15.12     17     43
187569   7296  10.76     56     13
187638   7294   5.08     55     83
187655   7309   9.88     40     34
187679   7309   7.52     36     34
187725   7309  14.08     36     34
187768   7294   5.56     40     84
187806   7325   8.52     49     11
187815   7325  17.96     50     11
187817   7321   9.76     39     32
187880   7321  12.92     39     32
187935   7330   8.08     78     43
188041   7339    5.8     33     30
188089   7343   5.96     31     35
188326   7364    5.6     58     15
188438   7375   5.12     56     13
189066   7450   7.72     57     20
189126   7453  11.48     43     35
189140   7453  11.24     42     36
189145   7453   11.2     42     36
189265   7465   7.84     25     43
189429   7480   8.76     26     41
189445   7480   7.88     26     41
189519   7480      6     28     38
189984   7532   8.36     24     24
190124   7560   9.56     20     23
190130   7561    6.2     12     83
190148   7560   8.24     20     23
190224   7564   5.04     14     77
190231   7564  14.28     15     77
190505   7605   9.48     16     23
190637   7634  11.12     32     33
190641   7634  10.84     32     33
190642   7624   8.08     76     21
191348   7685  10.88     67     62
191469   7709  12.28     25     43
191485   7685   8.08     67     62
191654   7722   6.76     22     79
191701   7723   7.68     24     79
191726   7685  11.68     61     62
191763   7727   8.72     25     75
191776   7709  12.84     25     40
191793   7733  14.56     21     17
191882   7735   5.08     24     20
191906   7737   8.76     17     76
191983   7737   8.92     19     76
192014   7737  10.24     19     76
192016   7737   10.8     19     76
192079   7740   8.24     58     61
192094   7737   9.68     21     80
192126   7740   8.64     58     61
192200   7737  25.36     21     80
192229   7759     30     10     81
192930   7819   9.28     45     27
192970   7825  13.64     46     23
193223   7829  11.52     55     31
193258   7829  12.24     55     31
193306   7829  13.12     55     31
193440   7829   8.16     47     22
193479   7829   7.56     47     22
193550   7852   13.8     67     76
193657   7872  11.12     38     69
193751   7829    7.2     49     21
193751   7881   5.56     39     69
193789   7829   9.72     50     21
193799   7879   5.48     28     29
193817   7879   6.44     28     29
193822   7879    6.4     31     29
193841   7879   7.32     31     29
193846   7829  18.52     51     21
193851   7879  18.88     31     29
193889   7829  17.24     52     19
193889   7889  17.16     50     51
193906   7891  16.64     14     27
194050   7829  18.28     52     19
194147   7892  19.16     20     28
194180   7829   8.16     53     19
194188   7905  13.64     43     50
194368   7908  21.32     13     32
194420   7924  27.08      8     55
194605   7909  42.52     45     48
194695   7940  36.12     40     42
194808   7939   6.52     33     73
194815   7939    7.2     33     73
194826   7945  38.96     39     40
194928   7948  40.84     39     19
194949   7949  36.92     39     21
194957   7950   35.2     40     22
194988   7939   6.24     33     72
195070   7957  38.56     12     26
195070   7958   27.8     36     23
195074   7957  38.76     14     27
195083   7957   5.84     13     28
195115   7960  10.64     28     13
195134   7960  22.76     28     13
195145   7966  10.88     47     17
195158   7971   9.24     86     66
195253   7966   5.92     55     25
195253   7982   5.56     30     13
195262   7985   9.32      9     40
195303   7966  13.56     57     28
195346   7966    5.8     57     28
195395   7991   5.56     11     35
195396   7966    5.6     55     28
195396   7993    5.2     31     14
195403   7966   5.24     55     28
195494   7966   11.8     56     28
195502   7966  13.88     57     28
195518   7966  13.68     57     28
195521   7966  13.68     57     28
195523   7966   13.6     57     28
195577   7966  12.52     57     28
195621   7966   14.4     57     28
195674   7966  14.48     57     28
195799   7966  14.12     57     28
195820   8046   9.36     63     69
195994   8073    7.6     39     67
195998   8074      7     28     76
196026   8069   8.52     59     28
196031   8069   7.84     59     29
196045   8069   8.68     59     29
196060   8069  10.16     59     29
196188   8096   9.44     29     27
196215   8096   8.36     29     27
196319   8100   9.52     29     27
196494   8121   5.04     56     86
196694   8128   8.52     13     62
196796   8136   10.4     13     68
196886   8148    8.2     41     80
196934   8146   6.24     85     38
196963   8153   5.24     60     33
197036   8161  16.12     10     62
197050   8163   5.04     81     40
197053   8164    9.2     51     17
197071   8164   9.16     51     17
197078   8167   5.96     25     19
197109   8164  26.44     51     17
197110   8170   5.04      9     84
197120   8171  10.48     50     19
197148   8173   5.12     63     81
197179   8172      7     51     40
197212   8172   5.92     56     39
197219   8181    5.8     65     80
197238   8181   5.88     65     80
197247   8191   7.04      9     83
197259   8191  14.04      9     83
197354   8200   5.52     12     80
197415   8209  12.08     14     82
197428   8211   5.28     66     79
197695   8172  13.32     57     40
197700   8235   5.72     13     77
197711   8172  14.28     56     40
197877   8252   8.72     51     65
197942   8252   7.64     51     65
197943   8252   7.76     51     65
198101   8252  11.28     51     63
198439   8258  17.16     58     61
198488   8264  11.28     56     66
198642   8261   7.32     66     40
198701   8261   14.4     66     40
198735   8271   6.32     53     42
198889   8273  11.64     43     45
198919   8277  22.88     19     19
198962   8277  11.08     19     19
199122   8278    9.6     52     37
199226   8291   7.56     21     16
199336   8291  13.16     21     16
199368   8297   5.48     19     65
199472   8311   8.24     12     65
199479   8291   8.08     20     16
199514   8307   17.2     54     40
199514   8312   8.24     24     23
199532   8307   6.24     54     40
199589   8307   5.16     54     40
199605   8316  13.24     11     64
199614   8322   12.2     10     62
199623   8307   6.56     53     40
199623   8319    6.4     20     32
199646   8324  10.92     10     64
199756   8332  13.88     30     59
199880   8351   8.16     69     59
199890   8332   9.84     30     59
199913   8332   8.44     30     59
199979   8351    7.2     59     58
