0         0
0.04      2957
0.08       246
0.12       188
0.16       165
0.2       151
0.24       158
0.28       164
0.32       137
0.36       152
0.4       117
0.44       139
0.48       107
0.52       101
0.56        98
0.6        98
0.64       100
0.68        78
0.72        84
0.76        77
0.8        85
0.84        90
0.88        80
0.92        78
0.96        84
1        50
1.04        76
1.08        68
1.12        66
1.16        71
1.2        47
1.24        55
1.28        46
1.32        43
1.36        55
1.4        49
1.44        33
1.48        41
1.52        42
1.56        38
1.6        37
1.64        36
1.68        25
1.72        35
1.76        35
1.8        29
1.84        27
1.88        35
1.92        30
1.96        28
2        32
2.04        25
2.08        23
2.12        32
2.16        29
2.2        31
2.24        21
2.28        17
2.32        17
2.36        24
2.4        17
2.44        24
2.48        28
2.52        26
2.56        31
2.6        13
2.64        17
2.68        12
2.72        17
2.76        14
2.8         8
2.84        13
2.88        17
2.92        16
2.96        12
3        20
3.04        11
3.08        14
3.12        20
3.16        13
3.2        14
3.24        21
3.28        13
3.32        13
3.36         8
3.4        13
3.44        13
3.48         6
3.52        11
3.56         8
3.6        11
3.64         5
3.68         8
3.72        11
3.76         6
3.8         6
3.84        12
3.88        10
3.92         9
3.96        10
4        11
4.04        10
4.08         7
4.12         8
4.16         6
4.2         2
4.24         4
4.28         4
4.32         8
4.36         5
4.4         7
4.44         7
4.48         8
4.52         8
4.56         4
4.6         7
4.64         5
4.68         6
4.72         4
4.76         5
4.8         2
4.84        11
4.88         3
4.92         7
4.96         8
5         6
5.04         9
5.08         4
5.12         2
5.16         6
5.2         8
5.24         3
5.28         3
5.32         7
5.36         6
5.4         4
5.44         9
5.48         7
5.52         2
5.56         7
5.6         4
5.64         3
5.68         0
5.72         4
5.76         8
5.8         4
5.84         4
5.88         1
5.92         7
5.96         2
6         2
6.04         3
6.08         5
6.12         9
6.16         5
6.2         4
6.24         2
6.28         1
6.32         5
6.36         4
6.4         4
6.44         7
6.48         4
6.52         1
6.56         4
6.6         5
6.64         4
6.68         1
6.72         5
6.76         3
6.8         5
6.84         2
6.88         5
6.92         5
6.96         1
7         4
7.04         3
7.08         2
7.12         1
7.16         3
7.2         4
7.24         2
7.28         4
7.32         2
7.36         3
7.4         2
7.44         3
7.48         3
7.52         3
7.56         4
7.6         2
7.64         4
7.68         2
7.72         1
7.76         2
7.8         2
7.84         2
7.88         1
7.92         1
7.96         4
8         0
8.04         3
8.08         2
8.12         1
8.16         1
8.2         2
8.24         2
8.28         2
8.32         0
8.36         1
8.4         1
8.44         1
8.48         4
8.52         2
8.56         1
8.6         0
8.64         3
8.68         0
8.72         2
8.76         0
8.8         0
8.84         3
8.88         0
8.92         2
8.96         1
9         3
9.04         0
9.08         1
9.12         2
9.16         1
9.2         1
9.24         4
9.28         1
9.32         0
9.36         3
9.4         1
9.44         4
9.48         0
9.52         0
9.56         0
9.6         1
9.64         1
9.68         1
9.72         4
9.76         0
9.8         0
9.84         3
9.88         2
9.92         2
9.96         4
10         0
10.04         0
10.08         1
10.12         1
10.16         0
10.2         1
10.24         1
10.28         0
10.32         1
10.36         3
10.4         5
10.44         2
10.48         1
10.52         1
10.56         1
10.6         4
10.64         0
10.68         3
10.72         1
10.76         0
10.8         1
10.84         1
10.88         1
10.92         1
10.96         3
11         0
11.04         1
11.08         0
11.12         1
11.16         0
11.2         0
11.24         0
11.28         1
11.32         1
11.36         0
11.4         1
11.44         1
11.48         0
11.52         1
11.56         0
11.6         2
11.64         0
11.68         1
11.72         1
11.76         1
11.8         1
11.84         0
11.88         1
11.92         2
11.96         2
12         0
12.04         2
12.08         1
12.12         0
12.16         1
12.2         6
12.24         0
12.28         1
12.32         1
12.36         1
12.4         1
12.44         2
12.48         1
12.52         1
12.56         1
12.6         0
12.64         0
12.68         1
12.72         0
12.76         1
12.8         1
12.84         1
12.88         1
12.92         1
12.96         1
13         0
13.04         1
13.08         1
13.12         1
13.16         1
13.2         2
13.24         1
13.28         2
13.32         2
13.36         0
13.4         1
13.44         2
13.48         0
13.52         1
13.56         0
13.6         0
13.64         1
13.68         1
13.72         0
13.76         2
13.8         1
13.84         1
13.88         1
13.92         1
13.96         0
14         0
14.04         1
14.08         1
14.12         0
14.16         1
14.2         1
14.24         0
14.28         0
14.32         0
14.36         0
14.4         2
14.44         1
14.48         0
14.52         1
14.56         1
14.6         1
14.64         1
14.68         0
14.72         1
14.76         1
14.8         0
14.84         0
14.88         0
14.92         0
14.96         0
15         0
15.04         0
15.08         0
15.12         1
15.16         0
15.2         1
15.24         1
15.28         0
15.32         1
15.36         0
15.4         0
15.44         0
15.48         0
15.52         0
15.56         0
15.6         0
15.64         0
15.68         0
15.72         1
15.76         2
15.8         1
15.84         0
15.88         1
15.92         2
15.96         0
16         1
16.04         0
16.08         0
16.12         0
16.16         0
16.2         0
16.24         0
16.28         0
16.32         1
16.36         0
16.4         1
16.44         0
16.48         0
16.52         1
16.56         0
16.6         1
16.64         1
16.68         0
16.72         0
16.76         0
16.8         4
16.84         0
16.88         0
16.92         0
16.96         0
17         2
17.04         1
17.08         1
17.12         0
17.16         2
17.2         1
17.24         0
17.28         0
17.32         0
17.36         0
17.4         0
17.44         1
17.48         0
17.52         0
17.56         0
17.6         2
17.64         0
17.68         0
17.72         0
17.76         0
17.8         0
17.84         0
17.88         0
17.92         0
17.96         0
18         0
18.04         0
18.08         0
18.12         0
18.16         0
18.2         0
18.24         0
18.28         0
18.32         1
18.36         0
18.4         0
18.44         0
18.48         0
18.52         0
18.56         1
18.6         0
18.64         0
18.68         0
18.72         1
18.76         0
18.8         0
18.84         2
18.88         1
18.92         0
18.96         0
19         0
19.04         0
19.08         1
19.12         0
19.16         0
19.2         0
19.24         0
19.28         0
19.32         0
19.36         1
19.4         0
19.44         0
19.48         0
19.52         1
19.56         0
19.6         0
19.64         0
19.68         0
19.72         0
19.76         1
19.8         0
19.84         0
19.88         0
19.92         0
19.96         0
20         1
20.04         0
20.08         1
20.12         0
20.16         0
20.2         0
20.24         1
20.28         0
20.32         0
20.36         0
20.4         0
20.44         0
20.48         0
20.52         0
20.56         0
20.6         0
20.64         0
20.68         0
20.72         0
20.76         0
20.8         0
20.84         0
20.88         1
20.92         0
20.96         0
21         0
21.04         2
21.08         0
21.12         0
21.16         1
21.2         0
21.24         0
21.28         0
21.32         0
21.36         0
21.4         0
21.44         0
21.48         0
21.52         1
21.56         0
21.6         0
21.64         0
21.68         0
21.72         0
21.76         0
21.8         0
21.84         0
21.88         0
21.92         0
21.96         0
22         0
22.04         0
22.08         0
22.12         0
22.16         0
22.2         0
22.24         0
22.28         0
22.32         0
22.36         0
22.4         1
22.44         0
22.48         0
22.52         0
22.56         0
22.6         0
22.64         0
22.68         0
22.72         0
22.76         0
22.8         1
22.84         0
22.88         1
22.92         0
22.96         0
23         0
23.04         0
23.08         0
23.12         1
23.16         0
23.2         0
23.24         0
23.28         0
23.32         0
23.36         0
23.4         0
23.44         0
23.48         0
23.52         0
23.56         0
23.6         0
23.64         0
23.68         1
23.72         2
23.76         0
23.8         0
23.84         0
23.88         0
23.92         0
23.96         0
24         0
24.04         0
24.08         0
24.12         0
24.16         0
24.2         0
24.24         0
24.28         0
24.32         0
24.36         2
24.4         0
24.44         1
24.48         0
24.52         0
24.56         1
24.6         0
24.64         0
24.68         0
24.72         0
24.76         0
24.8         0
24.84         1
24.88         0
24.92         0
24.96         0
25         0
25.04         0
25.08         0
25.12         0
25.16         0
25.2         0
25.24         1
25.28         1
25.32         0
25.36         0
25.4         0
25.44         0
25.48         0
25.52         0
25.56         0
25.6         1
25.64         0
25.68         0
25.72         0
25.76         0
25.8         1
25.84         0
25.88         0
25.92         0
25.96         0
26         0
26.04         0
26.08         0
26.12         0
26.16         0
26.2         0
26.24         1
26.28         1
26.32         1
26.36         0
26.4         0
26.44         0
26.48         2
26.52         0
26.56         0
26.6         0
26.64         0
26.68         0
26.72         0
26.76         1
26.8         0
26.84         0
26.88         0
26.92         1
26.96         0
27         0
27.04         0
27.08         0
27.12         0
27.16         0
27.2         0
27.24         0
27.28         1
27.32         0
27.36         0
27.4         0
27.44         0
27.48         0
27.52         0
27.56         0
27.6         1
27.64         0
27.68         0
27.72         0
27.76         1
27.8         0
27.84         0
27.88         0
27.92         1
27.96         1
28         0
28.04         0
28.08         0
28.12         1
28.16         0
28.2         0
28.24         0
28.28         0
28.32         0
28.36         0
28.4         0
28.44         1
28.48         0
28.52         0
28.56         0
28.6         0
28.64         0
28.68         0
28.72         0
28.76         0
28.8         0
28.84         0
28.88         0
28.92         0
28.96         0
29         1
29.04         0
29.08         0
29.12         0
29.16         0
29.2         0
29.24         0
29.28         0
29.32         0
29.36         0
29.4         0
29.44         0
29.48         0
29.52         0
29.56         0
29.6         0
29.64         0
29.68         0
29.72         0
29.76         0
29.8         0
29.84         0
29.88         0
29.92         0
29.96         0
30         0
30.04         1
30.08         0
30.12         0
30.16         0
30.2         0
30.24         0
30.28         0
30.32         0
30.36         0
30.4         0
30.44         0
30.48         0
30.52         2
30.56         0
30.6         0
30.64         0
30.68         0
30.72         0
30.76         0
30.8         1
30.84         0
30.88         0
30.92         0
30.96         0
31         0
31.04         0
31.08         0
31.12         0
31.16         0
31.2         0
31.24         0
31.28         0
31.32         0
31.36         0
31.4         1
31.44         1
31.48         0
31.52         0
31.56         0
31.6         0
31.64         0
31.68         0
31.72         0
31.76         0
31.8         0
31.84         0
31.88         0
31.92         0
31.96         0
32         0
32.04         0
32.08         0
32.12         0
32.16         0
32.2         0
32.24         0
32.28         0
32.32         0
32.36         0
32.4         0
32.44         0
32.48         0
32.52         0
32.56         1
32.6         0
32.64         0
32.68         0
32.72         0
32.76         0
32.8         0
32.84         0
32.88         0
32.92         0
32.96         0
33         0
33.04         0
33.08         0
33.12         0
33.16         0
33.2         0
33.24         0
33.28         0
33.32         0
33.36         0
33.4         0
33.44         0
33.48         0
33.52         0
33.56         0
33.6         1
33.64         0
33.68         0
33.72         0
33.76         1
33.8         0
33.84         0
33.88         0
33.92         0
33.96         1
34         0
34.04         0
34.08         0
34.12         0
34.16         0
34.2         0
34.24         0
34.28         0
34.32         0
34.36         0
34.4         0
34.44         0
34.48         0
34.52         0
34.56         0
34.6         0
34.64         0
34.68         1
34.72         0
34.76         0
34.8         1
34.84         0
34.88         0
34.92         0
34.96         0
35         0
35.04         0
35.08         1
35.12         0
35.16         0
35.2         0
35.24         0
35.28         0
35.32         0
35.36         0
35.4         1
35.44         0
35.48         0
35.52         0
35.56         0
35.6         0
35.64         0
35.68         0
35.72         0
35.76         0
35.8         0
35.84         0
35.88         0
35.92         1
35.96         0
36         0
36.04         0
36.08         0
36.12         0
36.16         0
36.2         0
36.24         0
36.28         0
36.32         0
36.36         1
36.4         0
36.44         0
36.48         0
36.52         0
36.56         0
36.6         0
36.64         0
36.68         0
36.72         0
36.76         0
36.8         0
36.84         0
36.88         0
36.92         0
36.96         0
37         0
37.04         0
37.08         0
37.12         0
37.16         0
37.2         0
37.24         0
37.28         0
37.32         0
37.36         0
37.4         0
37.44         0
37.48         0
37.52         0
37.56         0
37.6         0
37.64         0
37.68         0
37.72         0
37.76         0
37.8         0
37.84         0
37.88         0
37.92         0
37.96         0
38         0
38.04         0
38.08         0
38.12         0
38.16         0
38.2         0
38.24         0
38.28         0
38.32         0
38.36         0
38.4         0
38.44         0
38.48         0
38.52         0
38.56         0
38.6         0
38.64         0
38.68         0
38.72         0
38.76         0
38.8         0
38.84         0
38.88         0
38.92         0
38.96         0
39         0
39.04         0
39.08         0
39.12         0
39.16         1
39.2         0
39.24         0
39.28         0
39.32         0
39.36         0
39.4         0
39.44         0
39.48         0
39.52         0
39.56         0
39.6         0
39.64         0
39.68         0
39.72         0
39.76         0
39.8         0
39.84         0
39.88         0
39.92         0
39.96         0
