101213   50.5318   37.3147
101033   35.0082   51.0378
103285   37.0845   46.3884
103663   50.9917   45.7304
103785   53.2789   47.1676
103270   39.3394   45.2588
104921   51.8744   38.6918
104142   36.2345   37.2163
104838   51.3739   36.2224
105203   49.8016   44.8243
105186   45.9175   51.7321
106192   39.0671   39.3677
106116   46.8566   34.3944
106586   48.0366   49.4897
106117   52.1366   46.1197
106715     45.23   51.9692
106604   43.9059   51.0075
106549   50.3965   47.9674
106526   37.9941   41.1348
107104   37.6995    44.969
107804   41.2699   34.7564
108142   51.4429   44.0644
108553   52.8633   47.8042
108043   35.5269   43.8885
109299   51.9307   39.5449
109542   38.7191   34.7886
109833   36.3785   43.5938
110562    33.776   36.1827
111550   48.1174   47.1664
111088   46.6387   51.2045
111135   48.3501   49.3745
111306   44.0237   42.0688
112518   47.9371   43.3774
112554   45.9589   38.6824
113703   42.6811   40.5048
113665   38.3364   51.5642
114823   45.9717   37.3861
115070   44.3242   34.7377
115422   38.3307   44.2866
115646   38.1734   44.7285
116313   42.9674   38.7568
116624   45.1924   44.1036
117917   33.7579   44.7283
117102   48.1072   36.0475
117966   37.9062   51.9173
117155   45.4509   43.7776
117780   41.0771    41.638
118620    44.431   38.9632
118803   44.2298    38.814
118951    43.072   48.3788
119613   47.7134    48.458
119900   38.9475   50.8181
120574   39.2219   46.2481
120838   38.1439   46.3222
120910   47.8437   52.6116
120282   48.4663   38.6261
120814   41.2265   42.0012
121594   50.3917   46.8191
121136   37.8517   49.7604
122240    36.406   38.6931
123423   47.4362   52.8754
124874   35.9123   33.3698
124828   40.1712   42.9311
125422   51.5898   45.2915
126652   49.0575   47.1968
126849   50.6463   46.6758
126906   36.7645   37.2865
126612   48.1901   45.1178
126868   48.5424   44.5931
127890   48.0574   46.1686
127293    37.963   35.3664
127665   46.0025   43.2657
128832   48.7664   45.8957
128861   49.8289   48.5265
128764   41.6352   48.1551
128482   42.2961    50.666
128290   46.8224   43.7405
129701   37.4215   46.0349
129146   49.8307   48.3097
129603   48.8517   46.0804
129275   40.9486   47.4721
130341    50.238   50.7843
130877   46.7594   41.3501
131710   49.0538   41.2912
131213   37.6993   42.3644
132528   37.6037   46.9323
133560   40.1041   50.9935
133077   36.9383   50.5019
133606   35.8256   50.7007
133835   36.2738   48.1747
133641   38.0494   52.5945
134069   37.0991   45.9603
134804   38.7604   46.7999
134962   37.9441   38.3735
134454    34.722   48.4222
134253   37.4297   51.7918
136834    35.887   47.2122
137967   48.1759    51.164
137466   45.3234   37.5486
137857   44.5338   37.5791
139797    50.345   49.6161
140701   47.6111   48.7654
140774   46.9196   42.1696
143482   48.4037   49.5053
143402   42.3383   33.5293
143633   43.8596   34.8564
144761   47.2086   46.3517
144430   44.3119   45.6546
144929   44.4315   45.1833
145819   39.8149   48.7634
145718   39.0458   52.0342
146937    39.343   43.4053
146176   47.3247   47.3285
146523   45.4627   43.9652
146450   42.7008   40.0371
147395   40.4176   43.6524
149102   36.9136   51.8422
149510   45.8413   39.8501
150128   38.1953   46.3858
150717   38.6688   46.1685
150667   44.1611   39.1846
151766   50.1714   41.0182
151867   35.8329   33.1625
151836   43.2948   34.6791
151435   36.8489   47.4707
153817   40.4421   50.7029
154494   45.0043     43.55
154048    40.001    50.472
155195   45.7079    42.905
156758   42.8058   43.7925
158887   48.7672   40.8964
158991    47.598   38.5817
159787   50.2314   48.0188
159671    49.559    50.965
159912    49.235    51.002
159302   46.5658   42.2365
159929    42.866   39.1533
159844   48.3109   49.4655
159324   48.6318   40.6832
159531   48.8038   41.0822
159249   47.7272   38.8394
159920   47.8836   39.1557
160446   49.4945   47.2812
160800   48.2889   47.7096
160658   36.5658   40.8306
160515   42.9432    39.369
160965   35.2582    51.173
161149   44.3869   50.7795
161626   43.8436   48.5657
161592   49.2378   52.4979
161494   50.7125     49.61
162462   48.1962   35.1351
162114   36.7112   46.4958
162388   38.2348   46.7134
163865   49.9359   51.0828
163831   44.1887   36.7375
163665   38.5025   34.1965
163304   35.3335   44.9961
164175   50.1285   51.1793
164672   50.6779   51.5491
164898   50.1024   51.6108
165491   34.8557   39.3977
165708   41.8885   36.3286
165673   48.5663   36.8994
165299   41.8277   52.0915
166423   53.1848   48.7562
166486   44.0963   48.1782
167173   51.1742   42.1749
167689   53.0906   39.7145
167683   37.4665   50.1074
168132   52.0946   38.5831
168688   36.9042   45.8871
168968    38.019   45.4854
169505   46.5893   48.4574
169875   47.7146   42.4951
171565   39.0813   43.6608
171807   51.2971   46.6423
171831   41.7926   50.5315
171745   42.1183   49.0434
171407   49.9561   35.7014
172510   48.8101   52.5988
172069   41.2249   51.1055
172182   38.6269   50.3978
172734   49.3823   45.8819
173867   52.0586   44.9486
173264   44.7965    42.516
174153   38.7683   47.6795
174894   38.2283   48.2476
174629   41.0843   35.9438
174356   51.8404   43.9843
174573   49.9608   48.7799
174646   45.6419   35.0401
174124   37.0179   46.1258
174314   41.4663   45.6017
174179   36.9433   49.4754
175466   40.8248   51.9617
175087   44.5399   41.6144
176332   35.3819   43.6723
176265   50.0766   39.4314
176149    50.891   45.1073
176754   34.2605   35.1363
176433      53.3   42.6485
178650    47.401   52.8448
179414   40.8772   47.6993
180747   40.8241   46.0059
181872   45.9797   35.3694
181362   47.9834   46.6643
181625   47.9568   46.0882
182318   48.2859    34.864
183146   37.8209   36.1356
183625   45.7389   52.7311
183895   46.7617   37.5409
184204   40.3482   46.2748
184472    45.082   38.8542
185682    35.263    47.143
186447   35.1772   34.2357
186118   33.5851   48.8851
186295   33.4337   47.6296
186205   38.8789   46.0421
187492   38.2415   41.3615
187832   46.8628   40.6728
187219   42.5211   51.1798
187660   34.4327   51.1885
187912    33.682   51.8552
188079   38.3214   42.7549
189279   39.3832   41.0982
190176   38.2153   44.6016
190539   34.7568   39.3588
190164   39.8635   37.3074
191486   38.0875   39.8363
191885   39.5669   39.3872
191443   39.6318   41.5174
191253   48.3321   36.8294
191407   46.3316   48.2387
192404   35.2666   46.1094
192950   46.7813   39.4754
192907   44.4944   37.8635
192092   50.7378   35.5781
192464   51.2396   35.7093
193965   36.9091    37.663
193782   36.3827   45.9979
193782   44.5619   42.6584
193819   46.9556   43.3637
193326   44.7874   41.2327
193564   44.5569   39.6082
194509   38.3407   35.6124
195357   43.1332   41.1545
196879    36.409    47.389
196709   43.1353   35.4344
196887   44.7441   36.2729
197358   37.1834   46.3351
197099   46.1669   36.7164
197191   40.6226   36.5273
197954   36.9324   36.5055
198712   37.3643    38.562
198298   36.5921   46.8426
198673   42.0515   42.3029
198803   41.7683   42.5158
198494    51.006   46.6089
199170   50.3761   44.9581
199619   37.2927   46.4236
199943   36.8798   47.3021
199561   41.5419   41.0645
199917   44.1686   42.4264
199458   44.2224   40.6174
199354   39.2991   40.2896
