0              0              0
0.25       0.242479       0.194737
0.5        0.47783       0.263558
0.75       0.677959       0.326532
1       0.870715       0.383847
1.25        1.06105       0.441443
1.5        1.24936       0.491778
1.75         1.4329       0.536934
2        1.61643       0.581491
2.25        1.79703       0.628367
2.5        1.97553       0.673564
2.75        2.15214       0.713731
3        2.33324       0.754989
3.25        2.50767       0.793654
3.5         2.6773        0.83508
3.75        2.84644       0.872507
4        3.01675       0.908196
4.25        3.18617       0.942531
4.5        3.35511       0.977821
4.75        3.52221        1.01249
5        3.68904        1.04393
5.25        3.85793        1.07554
5.5        4.03023        1.10845
5.75        4.19697        1.14016
6        4.36453        1.17113
6.25        4.52878        1.20133
6.5        4.69549        1.23123
6.75        4.86347        1.26184
7        5.03256        1.28955
7.25        5.20071        1.31849
7.5        5.36629        1.34329
7.75        5.53606        1.36886
8         5.7005        1.39716
8.25        5.86831         1.4221
8.5         6.0396        1.44678
8.75        6.20626         1.4733
9        6.36603        1.49836
9.25        6.53755        1.52038
9.5        6.69946         1.5428
9.75        6.85839        1.56822
10        7.01455        1.58981
10.25        7.17631        1.61176
10.5        7.33989        1.63156
10.75        7.49659        1.65048
11        7.65896        1.67493
11.25        7.82019        1.69151
11.5        7.98534        1.71119
11.75        8.14982         1.7319
12        8.31243        1.75108
12.25         8.4745        1.77297
12.5        8.63426        1.79106
12.75        8.79714        1.80723
13        8.96911        1.82555
13.25        9.13827        1.84244
13.5        9.29787        1.86001
13.75        9.45775        1.87466
14        9.62591        1.89001
14.25        9.78555        1.90806
14.5        9.94507        1.92231
14.75        10.1158        1.93606
15        10.2778        1.95296
15.25        10.4378        1.96887
15.5        10.6056        1.98243
15.75         10.766        1.99646
16        10.9231         2.0117
16.25        11.0803        2.02635
16.5        11.2462        2.03929
16.75        11.4055        2.05211
17        11.5589        2.06333
17.25        11.7183        2.07847
17.5        11.8815        2.08846
17.75        12.0488        2.10127
18        12.2079        2.11304
18.25        12.3614        2.12552
18.5        12.5184        2.14054
18.75        12.6741        2.15425
19        12.8342        2.16662
19.25        13.0043        2.17713
19.5        13.1807        2.18545
19.75        13.3356        2.19752
20        13.4926        2.20739
20.25          13.66        2.21623
20.5         13.821        2.22756
20.75          13.98        2.23523
21        14.1451        2.24342
21.25        14.3104        2.25533
21.5        14.4633        2.26406
21.75        14.6291        2.27405
22         14.789        2.28306
22.25        14.9463        2.29571
22.5        15.1013        2.30355
22.75        15.2663        2.31045
23        15.4211        2.31887
23.25        15.5736        2.32627
23.5        15.7279        2.33532
23.75        15.8925        2.34328
24        16.0589        2.35053
24.25        16.2206          2.358
24.5        16.3764         2.3634
24.75        16.5363        2.37242
25        16.6984        2.38103
25.25        16.8635        2.38969
25.5        17.0418        2.39809
25.75        17.2133         2.4038
26        17.3736        2.41038
26.25        17.5265        2.41682
26.5          17.69        2.42226
26.75         17.854        2.42764
27        18.0198        2.43426
27.25        18.1857         2.4392
27.5        18.3475         2.4464
27.75         18.498        2.45249
28        18.6599        2.45787
28.25          18.82        2.46298
28.5         18.965        2.47128
28.75        19.1091        2.47589
29        19.2714        2.48238
29.25        19.4246        2.48704
29.5        19.5765         2.4912
29.75        19.7318          2.498
30        19.8881        2.50151
30.25        20.0598        2.50849
30.5        20.2149         2.5125
30.75        20.3869        2.51574
31         20.547        2.52222
31.25         20.689        2.52905
31.5        20.8679        2.53484
31.75        21.0308        2.54013
32         21.221        2.54292
32.25        21.3762        2.54792
32.5         21.533        2.55146
32.75        21.6971        2.55426
33        21.8487        2.55727
33.25        22.0177         2.5625
33.5        22.1792        2.56566
33.75        22.3584        2.56932
34        22.4978        2.57522
34.25        22.6796        2.57617
34.5        22.8427        2.58127
34.75        22.9905        2.58717
35        23.1249        2.59212
35.25        23.2986        2.59461
35.5        23.4504        2.59903
35.75        23.5866        2.60141
36        23.7653        2.60563
36.25         23.914        2.60779
36.5        24.0853        2.61368
36.75         24.239        2.61583
37        24.3784        2.61767
37.25        24.5559        2.62125
37.5        24.7079        2.62495
37.75         24.852         2.6289
38        25.0325        2.63458
38.25        25.2297        2.63512
38.5        25.3878        2.63782
38.75        25.5399        2.63846
39        25.7108         2.6426
39.25        25.8775        2.64392
39.5        26.0457        2.64822
39.75        26.2061        2.65091
40        26.3653        2.65054
40.25        26.5202        2.65397
40.5        26.6798        2.65446
40.75        26.8369         2.6588
41        26.9889        2.66094
41.25         27.122        2.66346
41.5        27.2828        2.66715
41.75        27.4564        2.66865
42        27.6139        2.67202
42.25        27.7735        2.67393
42.5        27.9092        2.67569
42.75        28.0843        2.67821
43        28.2311        2.67989
43.25        28.3825        2.68101
43.5        28.5397        2.68643
43.75        28.7124         2.6884
44        28.8717        2.69055
44.25        29.0346        2.69412
44.5        29.2154          2.694
44.75        29.3942        2.69698
45        29.5325        2.69531
45.25        29.7042        2.69862
45.5        29.8664          2.697
45.75        30.0373        2.69842
46        30.1991        2.70223
46.25        30.3496        2.70103
46.5        30.4994        2.70514
46.75        30.6539        2.70532
47        30.8149        2.70828
47.25        30.9656         2.7113
47.5        31.1093        2.71066
47.75        31.2639        2.71254
48        31.4193        2.71304
48.25        31.5806        2.71419
48.5        31.7602        2.71647
48.75        31.8999        2.71631
49        32.0692        2.71935
49.25        32.2125        2.71928
49.5        32.3636        2.72013
49.75        32.5226        2.72306
50        32.6969        2.72433
50.25        32.8485        2.72874
50.5        33.0136        2.72949
50.75        33.1993        2.72701
51        33.3806        2.72849
51.25        33.5267         2.7266
51.5        33.7264        2.72755
51.75        33.8782        2.72806
52        34.0637        2.73101
52.25        34.2259          2.731
52.5        34.3615        2.73047
52.75        34.5118        2.73477
53        34.6656        2.73393
53.25        34.8196        2.73573
53.5         34.963        2.73737
53.75        35.1065        2.73541
54        35.2564         2.7366
54.25        35.4086        2.73839
54.5        35.5691        2.73726
54.75        35.7288        2.73864
55        35.8847        2.73873
55.25        36.0579        2.74233
55.5        36.2041        2.74487
55.75        36.3675        2.74649
56        36.5325         2.7479
56.25        36.6737        2.74722
56.5        36.8459        2.75071
56.75        37.0075        2.75012
57        37.2084        2.74749
57.25        37.3811        2.74768
57.5        37.5475        2.74551
57.75        37.7216        2.74507
58        37.8705         2.7458
58.25        38.0465        2.74907
58.5        38.2111         2.7479
58.75        38.3821         2.7451
59        38.5171        2.74754
59.25        38.6903        2.74834
59.5        38.8385        2.74936
59.75        38.9844        2.75269
60        39.1112        2.75163
60.25        39.2695        2.75254
60.5        39.4204        2.75508
60.75        39.5618        2.75395
61        39.7359         2.7535
61.25        39.8919        2.75581
61.5        40.0564        2.75604
61.75        40.2179        2.75612
62        40.3687        2.75947
62.25        40.5294        2.75981
62.5        40.6665        2.76006
62.75          40.82        2.76229
63        40.9896         2.7616
63.25        41.2114        2.76086
63.5        41.3859        2.76203
63.75        41.5589        2.75833
64        41.7356        2.75816
64.25        41.8855        2.75945
64.5        42.0559        2.76101
64.75        42.2166        2.76054
65        42.3861        2.75813
65.25        42.5095        2.75975
65.5        42.6852        2.75972
65.75        42.8385        2.76085
66        42.9825        2.76427
66.25         43.088        2.76297
66.5        43.2514        2.76364
66.75        43.4183        2.76543
67        43.5567        2.76339
67.25        43.7143        2.76409
67.5        43.8691        2.76498
67.75        44.0552        2.76396
68        44.2002        2.76322
68.25        44.3476        2.76638
68.5        44.5127         2.7674
68.75        44.6498        2.76639
69        44.8197        2.76778
69.25        44.9889        2.76675
69.5        45.1956        2.76459
69.75        45.3976        2.76542
70         45.568        2.76422
70.25         45.759        2.76494
70.5        45.8889        2.76677
70.75        46.0734        2.76811
71        46.2349        2.76904
71.25        46.4019        2.76647
71.5        46.5247        2.76753
71.75        46.6994        2.76738
72        46.8481        2.76692
72.25        46.9767        2.76958
72.5        47.0781        2.76761
72.75        47.2456        2.76995
73        47.4122        2.77203
73.25        47.5539        2.76648
73.5        47.7134        2.76646
73.75        47.8677        2.76923
74        48.0526        2.76799
74.25         48.197         2.7685
74.5        48.3567        2.77054
74.75        48.5207        2.77065
75        48.6424        2.76877
75.25        48.8126         2.7707
75.5        48.9788        2.77123
75.75        49.1818        2.77056
76        49.3655        2.77232
76.25        49.5377        2.77047
76.5        49.7457        2.77331
76.75         49.859        2.77471
77         50.061        2.77609
77.25        50.2241        2.77794
77.5        50.3684        2.77654
77.75        50.4825        2.77703
78        50.6628        2.77762
78.25        50.8443        2.77722
78.5        50.9668        2.78037
78.75        51.0834        2.77734
79        51.2374        2.77887
79.25        51.4026        2.78034
79.5        51.5491        2.77659
79.75        51.7411        2.77769
80        51.8752        2.77949
80.25        52.0567        2.78015
80.5        52.1943        2.77965
80.75         52.357        2.78037
81        52.5232        2.78354
81.25        52.6414        2.78131
81.5        52.8089        2.78228
81.75        52.9731          2.782
82         53.181        2.78139
82.25        53.3645        2.78253
82.5        53.5278        2.78152
82.75        53.7286        2.78339
83        53.8336        2.78409
83.25        54.0348        2.78437
83.5        54.2037        2.78689
83.75        54.3533        2.78499
84        54.4719         2.7867
84.25         54.657        2.78775
84.5        54.8199        2.78653
84.75        54.9577        2.78713
85        55.0604        2.78594
85.25        55.2424        2.78448
85.5        55.3852        2.78884
85.75        55.5358        2.78547
86        55.7254        2.78718
86.25        55.8442        2.78724
86.5        56.0301        2.78929
86.75        56.1952        2.78796
87        56.2847        2.79015
87.25        56.4996        2.79133
87.5        56.6527        2.79069
87.75        56.8199        2.79098
88        56.9853        2.79095
88.25        57.2165        2.79005
88.5        57.4386        2.79112
88.75        57.5766        2.78935
89        57.7725        2.79131
89.25        57.8291        2.79159
89.5        58.0462        2.79089
89.75         58.214        2.79191
90        58.3622        2.79171
90.25        58.4998        2.79083
90.5        58.6977        2.79355
90.75        58.8217        2.79284
91        59.0118        2.79294
91.25        59.1434        2.79226
91.5        59.2571        2.79509
91.75        59.4491        2.79413
92         59.615        2.79272
92.25        59.8113        2.79497
92.5        59.9545        2.79474
92.75        60.1164        2.79549
93        60.2582        2.79366
93.25         60.413        2.79441
93.5        60.5869        2.79669
93.75        60.7229        2.79447
94        60.9052        2.79627
94.25        61.1424        2.79446
94.5        61.2756        2.79356
94.75         61.456        2.79677
95        61.6556        2.79282
95.25        61.8047        2.79615
95.5        61.9271        2.79611
95.75        62.1237        2.79562
96        62.3065        2.79585
96.25        62.4822        2.79843
96.5        62.6138        2.79671
96.75        62.7754        2.79951
97        62.9405        2.80019
97.25        63.0902        2.79932
97.5        63.2698        2.80118
97.75        63.3947        2.80223
98        63.5272        2.80112
98.25         63.749        2.80116
98.5        63.9108        2.80381
98.75        64.1256        2.80341
99        64.2951        2.80404
99.25        64.3467        2.80243
99.5        64.5728        2.80153
99.75         64.635        2.80447
