2      2833        52      6788         1         2
5      2836        40      9848         2         1
7      2836        44      1664         2         1
9      2872        38      1192         2         1
11      2872        40      1252         1         2
15      2872        45      6212         1         2
17      2872        49      1280         1         2
19      2872        49      2984         1         2
21      2872        51      3860         2         1
24      2935        39      6216         1         2
26      2935        49      4428         1         2
28      2986        41      5080         1         2
30      2986        43      2400         1         2
32      3031        45      7664         2         1
34      3031        49      5188         1         2
35      3085        42      9092         2         1
39      3085        45      5128         2         1
41      3085        47      8248         2         1
43      3085        51      9228         1         2
45      3130        38       316         1         2
47      3130        41      8020         2         1
49      3130        50       664         2         1
50      3154        50      1960         2         1
51      3172        37      4448         2         1
53      3199        50      5868         1         2
56      3223        38      5632         1         2
59      3223        51      9768         1         2
60      3250        37      3196         1         2
62      3250        39      8884         1         2
66      3253        46      9248         2         1
67      3265        37      5044         1         2
69      3268        44      7604         1         2
72      3415        51      2076         2         1
75      3463        40      7516         2         1
77      3478        51      8008         2         1
79      3514        45      6152         1         2
80      3535        49      7432         1         2
82      3535        52      4088         2         1
85      3538        52      8148         1         2
88      3559        46      6640         1         2
90      3565        45      9060         1         2
93      3574        49      5996         1         2
96      3601        47      9472         2         1
97      3601        49      2288         2         1
98      3610        44      7296         2         1
102      3634        52      8536         1         2
103      3667        43      9964         1         2
106      3682        47      6848         1         2
107      3682        50      1844         2         1
110      3775        39      1672         1         2
112      3775        42      5164         1         2
116      3823        47      7932         1         2
118      3823        49      1744         2         1
121      3889        45      3396         2         1
122      3889        47      5764         2         1
124      3889        52      2632         2         1
125      3946        38       692         2         1
127      3946        42      4676         2         1
129      3976        38      2116         2         1
133      3976        40      3500         1         2
137      4006        47      8180         2         1
139      4048        37      2696         1         2
141      4048        40      9852         2         1
145      4048        41      9808         2         1
148      4093        44      2984         1         2
151      4093        52      1920         1         2
152      4099        38      3992         2         1
155      4099        41        84         2         1
156      4099        45      2612         1         2
160      4117        40      6876         2         1
162      4117        41      1508         1         2
164      4126        37      9056         2         1
166      4138        43      5212         2         1
168      4138        45      4192         2         1
170      4138        47      1820         1         2
171      4162        37      4568         2         1
173      4162        40      2960         2         1
175      4162        42      6092         1         2
177      4162        47      2112         1         2
179      4225        40      6372         1         2
183      4264        37      2724         1         2
187      4399        40      8780         1         2
189      4399        43      3756         1         2
192      4399        52      9348         2         1
193      4411        38      5204         2         1
196      4459        50      5144         1         2
198      4465        42      4996         2         1
205      4498        41      3004         1         2
207      4504        42      8552         1         2
209      4510        41      6396         1         2
212      4555        44      5492         2         1
214      4555        44      7648         1         2
216      4555        47      4892         1         2
218      4558        52      2908         2         1
219      4597        37      7564         2         1
225      4621        47      5164         1         2
226      4621        49      5076         2         1
228      4642        38      5660         2         1
230      4642        47      6996         2         1
232      4753        39      6040         2         1
234      4753        43      5316         1         2
239      4753        51      1324         2         1
241      4759        41      6392         2         1
243      4759        44      2124         2         1
245      4759        51      7488         1         2
247      4777        37      1440         2         1
249      4777        44      4664         1         2
252      4792        47      7576         2         1
254      4792        50      2872         1         2
255      4828        51      7036         1         2
257      4828        52      3036         2         1
258      4834        41      4144         2         1
260      4837        40        68         1         2
265      4840        44      1616         2         1
267      4840        49      6904         2         1
268      4864        37      9712         2         1
272      4864        44      7276         1         2
274      4864        46      7176         1         2
276      4864        49      3756         1         2
278      4864        52      2936         2         1
279      4894        39      1636         2         1
283      4903        52      3200         2         1
285      4945        46      2228         1         2
287      4945        46      4940         1         2
289      4945        47      4220         2         1
290      4948        38      9124         2         1
292      4948        42      9576         1         2
295      4948        50      2284         2         1
296      4954        37      6128         2         1
300      4954        46      3912         1         2
302      4954        50       784         2         1
308      4975        52      7796         2         1
311      5050        41       340         2         1
313      5083        38      3968         1         2
315      5083        41      4492         1         2
317      5083        41      6764         1         2
319      5083        44       740         1         2
321      5083        44      5384         2         1
323      5083        47      1936         1         2
327      5089        41      8868         1         2
331      5089        51      6536         2         1
332      5158        41      2024         2         1
333      5158        43      2108         1         2
334      5158        47      8128         1         2
336      5272        39      9968         1         2
338      5272        41      9604         1         2
340      5272        43      4640         2         1
341      5272        51      3724         2         1
342      5275        38      6904         2         1
344      5278        41      1896         1         2
346      5278        46      3648         2         1
348      5281        37      5196         1         2
350      5281        37      8036         2         1
352      5281        40      7840         1         2
355      5413        40      3276         2         1
356      5413        52      3508         2         1
358      5419        46      3316         2         1
360      5419        50      2572         2         1
363      5440        38      4716         1         2
367      5446        38      6612         2         1
369      5446        40      2016         1         2
371      5446        41      3120         2         1
377      5530        45      9188         1         2
378      5590        40      7624         2         1
380      5590        40      8760         2         1
385      5617        37      9748         2         1
387      5617        45      9464         1         2
389      5617        47      9600         1         2
390      5617        51      5668         1         2
391      5638        37      7792         1         2
393      5638        50       904         2         1
395      5701        45      8648         2         1
397      5701        51      4228         1         2
399      5701        51      5412         2         1
401      5701        52      8584         2         1
405      5707        50      4160         2         1
406      5707        52      4040         2         1
409      5743        50       824         2         1
413      5785        38      9496         2         1
415      5785        43      1512         2         1
419      5785        49      3220         1         2
420      5788        41      4060         1         2
424      5821        46      3648         1         2
426      5830        38      6728         1         2
428      5893        39       544         2         1
430      5893        42      2924         1         2
434      5893        46      5236         1         2
438      5950        40      6016         1         2
441      5956        42      1044         2         1
445      5956        51      5572         2         1
448      6025        50      4736         1         2
450      6025        52      6248         2         1
452      6034        38      2380         1         2
454      6034        39      8144         1         2
456      6034        42      4648         1         2
458      6034        46      3808         2         1
460      6034        47      6908         2         1
464      6034        52      1348         1         2
465      6049        39      1376         1         2
467      6049        43      8416         1         2
471      6055        40      8068         1         2
474      6064        44      8564         1         2
477      6115        37      1076         2         1
481      6115        50      1568         1         2
483      6115        51      2824         2         1
487      6145        50      4436         2         1
489      6151        40      3652         2         1
491      6151        42      2632         2         1
493      6151        42      9788         2         1
496      6154        42      1180         1         2
498      6154        50      1164         1         2
502      6211        47      7160         2         1
505      6238        39      8128         1         2
509      6238        47      6292         1         2
511      6241        40      6644         1         2
513      6241        49      3924         2         1
514      6244        46      8776         2         1
516      6292        43      8664         1         2
519      6292        51       172         2         1
521      6292        51      5544         2         1
523      6292        51      6908         2         1
527      6328        49      4128         1         2
530      6379        41       832         2         1
532      6397        47       212         2         1
535      6433        42      8868         1         2
539      6445        52      9440         1         2
540      6457        38      4792         1         2
542      6457        42      6324         2         1
545      6673        50      8108         2         1
550      6697        45      7440         2         1
553      6703        42      7460         2         1
555      6703        46      5188         1         2
557      6703        49      4420         1         2
559      6724        42      9756         2         1
561      6724        46      6124         1         2
565      6775        40      2016         1         2
567      6775        43      4580         2         1
569      6775        43      9908         1         2
571      6775        52      2536         1         2
575      6802        51      7816         1         2
576      6856        44      9208         1         2
578      6856        46      1484         1         2
581      6880        43      4820         1         2
583      6880        45       244         2         1
585      6880        45      7820         1         2
586      6880        47      8204         1         2
589      6880        51      5500         2         1
593      7036        39      6404         2         1
595      7042        38      7180         2         1
597      7042        40      5832         2         1
599      7042        41      5000         1         2
601      7042        41      9996         1         2
604      7045        39       488         2         1
606      7045        44      3488         1         2
608      7045        45      1288         2         1
610      7045        51      1276         1         2
613      7117        38      1864         1         2
616      7117        46      4100         1         2
618      7183        51      8184         1         2
620      7183        52      7948         1         2
621      7222        49      7564         2         1
622      7249        51      3788         1         2
626      7273        42      9296         2         1
628      7273        49      1708         2         1
631      7318        37      4316         2         1
633      7318        45      9852         2         1
635      7318        47      4556         1         2
638      7327        49      7544         1         2
641      7333        37      1084         1         2
643      7333        38      6544         1         2
647      7333        52      6868         1         2
648      7381        37      1804         1         2
650      7381        37      6612         1         2
652      7381        47      4352         2         1
653      7399        38      1072         1         2
655      7399        39      1664         1         2
657      7399        41      9968         1         2
659      7399        42      2924         1         2
661      7399        43      5320         2         1
663      7405        41      4724         1         2
665      7405        47      7236         1         2
667      7405        50      6932         1         2
669      7411        41      3644         1         2
671      7411        42      9620         1         2
674      7414        50      1888         2         1
676      7441        37      5708         1         2
677      7465        38      1984         1         2
679      7465        39       388         2         1
681      7465        40      3528         2         1
683      7465        41      2256         1         2
689      7510        37      2748         1         2
691      7510        39      9536         1         2
693      7510        41      7224         2         1
695      7510        44      6996         2         1
697      7510        45      8420         2         1
701      7543        37      6884         1         2
703      7543        40       492         2         1
705      7543        42      8312         2         1
707      7543        43      5332         1         2
709      7543        44      5024         1         2
713      7543        45      1408         1         2
715      7543        45      8028         2         1
717      7543        49      8276         1         2
721      7543        51      5432         2         1
724      7549        39       864         2         1
726      7549        39      9276         2         1
728      7549        42      6944         2         1
730      7549        44       320         1         2
734      7549        50      1968         2         1
736      7618        51       604         2         1
739      7633        52      2752         1         2
740      7660        39      7800         1         2
742      7660        52      9412         2         1
746      7711        51      7068         2         1
750      7819        40        60         1         2
752      7819        40      5240         1         2
753      7828        37      5664         1         2
755      7828        43      6744         1         2
761      7828        50      7192         1         2
763      7828        52      8132         2         1
764      7849        37      8136         2         1
768      7849        50      7116         2         1
774      8002        40       416         2         1
776      8002        46      5328         2         1
778      8011        41      2652         2         1
780      8011        43      3504         1         2
781      8014        37       644         1         2
786      8041        40      3220         2         1
788      8041        45       696         1         2
790      8041        47       252         1         2
792      8056        51      2508         1         2
794      8086        37      6824         1         2
796      8086        38      7192         2         1
801      8095        40      8016         2         1
802      8137        40      9432         2         1
803      8137        46      8564         2         1
806      8137        50      4844         1         2
808      8137        51      2056         1         2
810      8140        40      1228         2         1
812      8140        40      8924         1         2
814      8170        50      3324         1         2
816      8170        50      7404         1         2
818      8170        52      7584         1         2
820      8224        38      9592         2         1
822      8224        47      2824         1         2
825      8275        50      2696         2         1
826      8287        50      7024         1         2
828      8290        37      8760         1         2
830      8290        39      9864         1         2
832      8290        49      6280         2         1
834      8290        51      2564         2         1
836      8290        52      2116         2         1
838      8338        50      2592         2         1
840      8338        50      4148         1         2
841      8347        43      5856         1         2
843      8347        45      5468         1         2
845      8353        50      2512         1         2
847      8353        52      4456         2         1
849      8359        42      9196         1         2
852      8392        42      8980         1         2
856      8392        51      4128         2         1
859      8395        43      3872         2         1
863      8419        45      8736         1         2
865      8419        46      2496         1         2
868      8443        41      9316         2         1
871      8488        38      6636         1         2
873      8488        39      1492         2         1
877      8488        44      4560         2         1
880      8488        49      6520         1         2
883      8512        37      4172         2         1
886      8515        37      3912         2         1
892      8515        45      6928         1         2
894      8515        49       392         1         2
896      8515        49      9688         1         2
899      8536        43      3824         2         1
901      8536        50      4468         1         2
904      8548        49      6588         1         2
909      8575        40      8448         2         1
913      8581        46       576         2         1
918      8620        39      4448         1         2
920      8620        40      6776         1         2
922      8620        41      4972         2         1
924      8620        46      2564         2         1
929      8623        46      8840         2         1
931      8623        51      3712         1         2
932      8650        51      8772         2         1
934      8650        52      6916         2         1
939      8722        45      3664         2         1
941      8722        49      9416         1         2
943      8725        47      9588         1         2
945      8725        50       164         1         2
949      8725        52      1240         2         1
951      8725        52      9532         1         2
952      8749        44      4228         1         2
954      8791        44      5580         2         1
956      8791        51      4792         2         1
959      8830        42      6644         2         1
962      8836        40      5012         1         2
964      8836        44      7812         2         1
973      8863        37      6892         2         1
975      8863        38      8972         1         2
977      8863        39      2368         2         1
981      8863        46      2208         2         1
983      8863        51       524         1         2
984      8902        38      9968         2         1
986      8902        45      3268         2         1
988      8902        50      3264         1         2
990      8902        50      4564         1         2
991      8911        43       508         1         2
993      8911        43      3352         2         1
995      8911        45      3628         1         2
997      8911        51      4028         1         2
998      8941        37      1004         2         1
1001      8959        42      2040         2         1
1003      8959        47      7684         2         1
1004      8965        40      6136         1         2
1007      9037        47      7996         2         1
1009      9064        37      1080         1         2
1011      9064        38      6948         1         2
1013      9064        50      5172         1         2
1015      9064        50      9316         2         1
1017      9100        37      3376         2         1
1020      9130        42      9268         1         2
1022      9130        43      5608         1         2
1026      9130        52      6024         2         1
1028      9205        47      6392         2         1
1031      9220        43      9640         1         2
1033      9220        49      4404         1         2
1035      9220        50      6996         1         2
1037      9250        38      8144         1         2
1039      9250        39      8172         2         1
1043      9271        47      1544         2         1
1045      9271        49      8136         2         1
1047      9304        42      2484         1         2
1051      9328        43      9952         1         2
1052      9334        45      5748         1         2
1055      9370        42      2104         2         1
1061      9412        38      9472         1         2
1063      9412        41      8592         2         1
1064      9427        41       300         2         1
1066      9436        37      7752         2         1
1068      9436        42      1152         1         2
1070      9436        46      3324         2         1
1072      9436        52      4380         2         1
1073      9442        37      5800         1         2
1075      9514        41      4504         2         1
1077      9541        40       472         1         2
1081      9571        50       604         1         2
1083      9571        50      4036         2         1
1084      9682        39      3492         2         1
1086      9682        43      9624         2         1
1088      9682        47      6304         1         2
1091      9688        42      3320         2         1
1096      9691        46      9584         2         1
1097      9715        38      7608         1         2
1099      9715        39      2972         2         1
1101      9715        47      5744         1         2
1103      9715        50      4444         2         1
1107      9754        41      4272         2         1
1111      9754        49      4736         2         1
1113      9757        37      3384         1         2
1115      9790        42      6516         1         2
1123      9859        41      4272         1         2
1125      9859        47      2764         1         2
1127      9865        40      7640         2         1
1129      9865        41      5688         2         1
1131      9865        41      6168         1         2
1133      9880        37      2204         2         1
1138      9880        43      1860         2         1
1140      9880        44      3216         2         1
1145      9988        41      6396         1         2
1146      9988        44       548         2         1
1149     10024        49       696         2         1
1151     10024        52      4296         1         2
1153     10039        43      3576         2         1
1156     10051        44      5868         2         1
1161     10090        42      9620         1         2
1163     10090        45      5396         1         2
1165     10090        46      1032         2         1
1167     10090        50      3752         2         1
1169     10090        50      5564         2         1
1172     10126        42      2236         1         2
1174     10126        49      5516         2         1
1175     10147        38      1568         2         1
1177     10147        39      2896         2         1
1179     10147        40      9000         1         2
1181     10147        45       108         1         2
1183     10147        47       100         1         2
1186     10267        42      3328         1         2
1190     10294        39      1524         2         1
1192     10294        43      2732         1         2
1197     10309        50      8612         1         2
1200     10351        41      1700         1         2
1202     10351        46      3532         1         2
1204     10351        47      8040         1         2
1205     10351        51      4940         2         1
1207     10366        44      1852         1         2
1208     10381        37      1240         2         1
1210     10381        39      3004         1         2
1212     10381        40      4048         1         2
1214     10381        47      3696         1         2
1216     10411        44      5272         1         2
1218     10411        47      2052         2         1
1220     10411        49      4412         2         1
1221     10498        44      2844         2         1
1223     10498        47      5256         2         1
1225     10498        52      8360         1         2
1227     10507        51      1840         2         1
1234     10573        49      4048         1         2
1236     10573        50      6348         1         2
1238     10573        51      7304         2         1
1239     10597        38      1396         2         1
1241     10597        43      5696         1         2
1243     10597        51      5616         2         1
1246     10615        39      5196         1         2
1247     10615        46      3616         2         1
1249     10615        50       108         1         2
1251     10627        41      1836         1         2
1255     10627        46      6732         2         1
1259     10633        38      8776         1         2
1261     10633        41      5652         2         1
1262     10660        46      4040         1         2
1264     10687        42       676         2         1
1266     10687        42      5136         2         1
1268     10687        49      5168         1         2
1270     10687        51      7680         1         2
1271     10705        47      2768         2         1
1273     10705        49      2084         2         1
1277     10705        52      2844         1         2
1279     10705        52      5424         2         1
1283     10708        49      3328         2         1
1285     10714        47      8816         2         1
1287     10714        49      7068         1         2
1289     10723        49      6660         1         2
1295     10759        42      4456         2         1
1299     10759        45      4352         2         1
1301     10759        46      6596         1         2
1305     10765        37      8872         2         1
1307     10765        44      7112         2         1
1309     10765        49      7368         2         1
1311     10795        47      7036         2         1
1313     10795        49      3216         1         2
1319     10837        40      7816         2         1
1321     10837        43      6168         1         2
1324     10837        50      4304         2         1
1326     10837        50      6008         1         2
1328     10864        42      1012         2         1
1329     10888        39      5228         1         2
1331     10903        52      1820         1         2
1332     10912        38      6640         2         1
1334     10912        41      5384         2         1
1335     11026        40      3284         2         1
1337     11044        41      3012         1         2
1339     11044        44      5516         1         2
1340     11044        50      9952         2         1
1341     11053        45      4244         1         2
1345     11053        47      2488         1         2
1346     11089        39      3376         1         2
1347     11089        49      4576         2         1
1350     11098        51      8948         2         1
1352     11140        50      5540         2         1
1355     11146        45      1724         2         1
1357     11146        51      5304         2         1
1359     11161        41      4640         2         1
1361     11161        41      5912         2         1
1363     11161        41      6916         1         2
1365     11161        51       532         1         2
1368     11173        49      1656         2         1
1370     11173        50      6928         2         1
1372     11173        52      6648         2         1
1374     11173        52      7152         2         1
1379     11209        49       600         2         1
1381     11209        49      7928         2         1
1384     11233        49      3924         2         1
1386     11254        49      6100         2         1
1387     11257        39      4408         1         2
1389     11257        45      8804         2         1
1393     11257        50      9712         2         1
1395     11281        42      1648         2         1
1398     11320        40      7760         1         2
1401     11323        43      1724         1         2
1403     11344        43      2676         2         1
1405     11344        50      3008         2         1
1407     11344        51      2132         2         1
1408     11371        44       640         2         1
1410     11371        46      1436         1         2
1412     11371        51      5684         2         1
1414     11371        52      9736         1         2
1415     11440        49      1196         1         2
1417     11440        49      9104         1         2
1420     11443        49      2020         2         1
1422     11443        50      8764         1         2
1423     11458        37       496         2         1
1425     11458        43      8536         2         1
1429     11470        44      1228         1         2
1431     11470        44      4820         1         2
1433     11470        49      1428         2         1
1436     11491        44      9976         1         2
1440     11491        51       192         1         2
1442     11491        52      1800         1         2
1444     11560        38      6488         2         1
1447     11560        44      5544         2         1
1449     11560        45      8712         2         1
1453     11563        51      1608         1         2
1459     11644        37      5468         1         2
1461     11644        37      8656         1         2
1463     11644        44      8880         1         2
1465     11644        46      3880         2         1
1468     11683        52      6440         1         2
1469     11752        40      4352         2         1
1471     11752        46      8716         2         1
1473     11752        47       488         2         1
1475     11752        49      3156         1         2
1477     11785        38      8116         2         1
1480     11818        39      8328         2         1
1482     11818        44      3972         2         1
1484     11836        47      6168         1         2
1486     11851        49      2200         1         2
1489     11860        46      4380         1         2
1491     11860        49      8740         1         2
1493     11860        52      5556         2         1
1496     11914        51      7500         1         2
1498     11914        52      5476         2         1
1500     11914        52      6260         2         1
1503     11938        47      9660         1         2
1505     11938        52      3132         2         1
1507     11962        46      2784         1         2
1509     11962        49      9216         1         2
1511     11980        38      2412         1         2
1515     12001        49      2588         1         2
1516     12004        37      4468         2         1
1518     12004        42      9492         2         1
1520     12004        51      5672         2         1
1522     12040        42      7000         2         1
1524     12043        49      6700         2         1
1525     12055        40      6172         1         2
1527     12055        43      1524         2         1
1529     12055        46      2380         2         1
1531     12079        40      2616         1         2
1535     12079        44      9436         1         2
1537     12100        37      1028         1         2
1539     12100        37      9048         1         2
1541     12100        43      4760         2         1
1543     12100        46      4812         2         1
1545     12109        43      5852         2         1
1547     12109        47      9224         2         1
1549     12109        50      8584         1         2
1550     12121        37      2004         1         2
1557     12142        50      8168         1         2
1559     12145        45      8192         2         1
1561     12157        46        92         1         2
1563     12169        40      4596         1         2
1565     12169        40      8780         1         2
1568     12181        40      1192         2         1
1572     12181        41      2296         1         2
1573     12181        47      2612         1         2
1575     12211        41      8736         2         1
1577     12241        38      3672         1         2
1580     12244        38      6524         2         1
1582     12244        42      4240         2         1
1584     12244        43      1816         1         2
1586     12244        44      5588         1         2
1588     12244        46      2452         1         2
1591     12259        51      4204         2         1
1593     12259        52      3380         1         2
1594     12292        39      2412         1         2
1596     12307        37      2376         2         1
1598     12358        50      5324         2         1
1601     12409        45      9472         2         1
1603     12409        49      5100         2         1
1605     12409        51      3440         1         2
1607     12436        37       536         1         2
1609     12436        37      7004         1         2
1611     12436        38      5204         1         2
1615     12436        51      3992         1         2
1617     12460        38      4684         2         1
1619     12460        39      3108         2         1
1621     12460        40      3600         2         1
1623     12460        41      9760         1         2
1626     12493        38       224         1         2
1628     12493        42      6212         2         1
1632     12496        50      3856         1         2
1634     12496        52       260         2         1
1638     12505        39      3284         2         1
1643     12535        41      8448         2         1
1645     12535        44      4320         2         1
1647     12535        47      2500         2         1
1652     12562        44      6024         1         2
1654     12592        49      2832         1         2
1657     12610        37      6060         1         2
1659     12610        47      7472         2         1
1662     12643        41       584         1         2
1664     12643        42      1852         1         2
1666     12643        50      5008         1         2
1667     12730        37      6108         1         2
1669     12730        39      5612         2         1
1671     12730        42      4504         2         1
1675     12739        47      2976         2         1
1677     12739        52      1964         1         2
1680     12754        40      3968         2         1
1683     12790        37      9000         2         1
1685     12790        47      6488         2         1
1686     12796        39      5136         1         2
1688     12796        40      1376         1         2
1690     12796        44      1380         1         2
1692     12796        44      4864         2         1
1694     12796        46      9680         2         1
1696     12796        47      2372         2         1
1698     13000        41      1768         1         2
1701     13006        37      9340         2         1
1703     13006        38      8036         1         2
1705     13006        47      8040         1         2
1707     13006        50      4072         2         1
1708     13030        43      6252         1         2
1710     13063        44      8188         1         2
1712     13063        45      8832         2         1
1714     13063        50      1328         1         2
1719     13180        37      4984         2         1
1737     13330        39      5080         2         1
1741     13417        40      8620         2         1
1747     13555        44      2272         1         2
1752     13603        50      4336         2         1
1753     13624        37      2312         2         1
1755     13624        46      4952         2         1
1761     13639        46         0         1         2
1765     13690        49      1104         1         2
1767     13690        50      1124         1         2
1769     13699        38      2416         1         2
1771     13699        38      9508         2         1
1773     13699        46      1032         2         1
1775     13699        50      7932         2         1
1777     13699        50      9328         1         2
1783     13702        45      3684         1         2
1785     13738        38      6876         2         1
1787     13738        39      1636         2         1
1789     13738        44      1032         2         1
1791     13738        45      9316         1         2
1793     13738        50      6692         2         1
1795     13747        39      9312         1         2
1803     13786        50      3852         2         1
1805     13840        37      5168         2         1
1807     13840        43      7620         2         1
1809     13840        46      3672         2         1
1811     13840        50      8332         2         1
1813     13840        52      6188         2         1
1815     13843        38      2316         1         2
1817     13843        45      6496         1         2
1820     13861        40      2468         1         2
1822     13861        41      8816         1         2
1823     13861        44      6840         2         1
1825     13861        47      4904         1         2
1827     13861        49      8680         1         2
1829     13861        52      9432         1         2
1831     13894        44      1236         1         2
1835     13894        49      9072         2         1
1837     13894        51       800         2         1
1842     13942        43       292         2         1
1846     13942        47      1456         2         1
1847     13942        51      7304         2         1
1848     13972        38      2736         2         1
1852     13993        39       552         1         2
1854     13993        41      6176         1         2
1856     13993        45      3532         2         1
1858     13999        38      7336         2         1
1860     13999        41      3032         1         2
1862     13999        50      5868         1         2
1866     14017        39      6688         2         1
1868     14017        41      5116         1         2
1869     14059        46      9592         1         2
1872     14125        46       920         1         2
1879     14236        41      9600         1         2
1881     14236        45      1440         2         1
1885     14236        51      5256         1         2
1887     14236        52      7384         2         1
1889     14251        39      3736         2         1
1892     14281        44      6512         2         1
1894     14281        44      7920         2         1
1896     14281        47      4944         1         2
1898     14281        49      6608         1         2
1902     14332        42      7480         1         2
1906     14347        43      3848         1         2
1908     14347        44      5672         2         1
1910     14419        42      6664         2         1
1911     14419        50      9528         1         2
1914     14443        41      8972         1         2
1917     14479        39      6936         1         2
1919     14491        39       504         2         1
1921     14491        39      2676         1         2
1923     14491        41      9916         1         2
1925     14491        42      4988         2         1
1927     14491        44      4104         2         1
1929     14491        49      2804         2         1
1932     14632        41      4084         1         2
1934     14632        50      6068         2         1
1936     14635        43      1880         2         1
1938     14635        46       180         1         2
1940     14671        38      7868         1         2
1942     14671        43      5332         1         2
1945     14725        50      3320         1         2
1950     14740        49      7840         1         2
1952     14740        52      9440         2         1
1954     14752        46      7928         1         2
1957     14791        45       824         2         1
1959     14791        49      6596         1         2
1961     14791        51      5604         2         1
1962     14806        47      5376         1         2
1964     14833        49      9272         1         2
1966     14833        50      3976         2         1
1967     14836        40       508         1         2
1969     14836        42      9476         2         1
1971     14836        45      4284         2         1
1973     14836        46      3796         2         1
1975     14836        47      2796         2         1
1977     14836        51      4776         1         2
1981     14869        46      8152         1         2
1985     14869        52      7608         2         1
1988     14887        51      6760         2         1
1990     14923        50      2504         2         1
1993     14992        46      3004         1         2
1995     14992        49      6832         2         1
1997     15010        42       668         2         1
2002     15031        37      6208         1         2
2003     15031        49      1204         1         2
2005     15052        43      1576         2         1
2010     15079        47      3512         1         2
2012     15091        40      6188         2         1
2014     15091        41      5532         2         1
2015     15100        41      7480         1         2
2016     15100        46      8864         2         1
2017     15106        44      1252         2         1
2020     15127        47      1100         2         1
2022     15127        47      8388         2         1
2023     15136        37      9112         1         2
2029     15172        40      3292         2         1
2033     15172        40      6496         1         2
2035     15172        41      7368         2         1
2039     15202        39      9100         2         1
2041     15223        50      6400         1         2
2043     15346        37      5372         2         1
2046     15373        37      2080         2         1
2048     15373        43       872         2         1
2050     15373        43      4024         1         2
2052     15373        45       548         1         2
2054     15373        46      1412         1         2
2056     15403        41      3988         1         2
2060     15403        45      6544         2         1
2062     15403        49      6524         2         1
2064     15403        50      4940         1         2
2065     15427        37      5516         1         2
2067     15427        40      2072         2         1
2069     15427        40      4824         2         1
2074     15466        39      9412         1         2
2076     15466        44      7596         2         1
2081     15490        51      1172         2         1
2083     15490        51      5116         2         1
2085     15490        51      6796         2         1
2087     15490        52      8988         1         2
2088     15520        49      3356         2         1
2090     15547        43      5084         1         2
2093     15574        45      6512         2         1
2095     15574        46      2920         2         1
2096     15574        51      2448         1         2
2098     15574        52      1028         2         1
2100     15577        38      5624         2         1
2102     15577        47      6516         2         1
2103     15580        37      3400         1         2
2104     15586        37      2508         1         2
2106     15586        38      8412         2         1
2108     15586        43       188         1         2
2110     15586        46      9560         2         1
2113     15613        41      1528         1         2
2117     15619        51      8372         2         1
2120     15631        49      2944         2         1
2124     15631        49      8468         2         1
2125     15667        39      3356         1         2
2127     15667        40       832         1         2
2129     15667        43      4384         2         1
2131     15673        40      4052         1         2
2133     15673        47         8         1         2
2137     15709        47      6124         2         1
2139     15730        37      3028         2         1
2141     15730        38       388         2         1
2143     15730        41      6256         2         1
2146     15730        51       732         1         2
2150     15748        49      2152         1         2
2152     15748        51      9700         2         1
2155     15769        37      6160         1         2
2157     15769        38      3344         2         1
2159     15769        40      9320         2         1
2162     15811        43      1352         1         2
2164     15811        43      6532         1         2
2166     15811        51        16         2         1
2167     15829        40      8920         1         2
2169     15829        43      5056         2         1
2171     15829        47      2832         1         2
2174     15838        38      8796         1         2
2176     15838        41      2608         1         2
2178     15838        44      8284         1         2
2179     15892        40      3860         1         2
2181     15892        43      5128         2         1
2183     15892        45      4104         2         1
2184     15892        49      6008         1         2
2186     15892        50      3952         1         2
2188     15892        50      6556         2         1
2190     15892        51      2516         1         2
2192     15925        40      6736         1         2
2196     15925        46      2044         1         2
2198     15925        49      8028         1         2
2200     15925        52      7452         1         2
2203     15958        40      3708         1         2
2205     15958        51       464         2         1
2209     16045        47       828         2         1
2210     16045        51      5904         1         2
2213     16069        47      3756         2         1
2214     16069        49      2348         2         1
2216     16069        51      1092         1         2
2218     16111        38      9360         1         2
2220     16114        50      3288         1         2
2225     16165        37      1144         2         1
2228     16192        37      4428         2         1
2230     16192        40      9752         1         2
2232     16192        49      2296         1         2
2234     16279        37      6020         1         2
2236     16279        44      4988         2         1
2238     16279        46      8692         1         2
2240     16291        38      9164         2         1
2242     16306        50      6136         1         2
2244     16306        52      3468         2         1
2248     16330        37      8820         2         1
2252     16378        49      3392         1         2
2254     16378        49      4504         1         2
2255     16402        37      6244         2         1
2257     16402        38      2000         2         1
2259     16402        44      6688         1         2
2260     16402        50       744         1         2
2261     16408        37      4432         2         1
2263     16408        39      9984         2         1
2265     16408        52      1052         1         2
2267     16450        43      6112         2         1
2269     16450        46      5300         2         1
2271     16450        51      1744         2         1
2275     16507        49      7004         1         2
2279     16507        52      7844         2         1
2280     16546        39      9056         2         1
2284     16561        44      2120         1         2
2286     16618        50       984         2         1
2288     16618        51      3652         1         2
2290     16651        37       484         2         1
2292     16651        38       100         2         1
2294     16651        38       852         2         1
2296     16651        38      9116         1         2
2298     16651        42      1496         1         2
2300     16651        49      3316         2         1
2302     16750        37      1312         1         2
2304     16750        45      8064         2         1
2307     16777        39      1440         1         2
2309     16777        39      9352         2         1
2311     16807        42        36         1         2
2313     16807        47      2068         2         1
2315     16810        52      1672         2         1
2317     16822        45      2308         1         2
2320     16858        40      2192         1         2
2322     16858        45      3448         2         1
2324     16858        46      8456         1         2
2326     16864        43      3796         1         2
2328     16864        44      6320         1         2
2332     16864        46      5812         2         1
2340     16897        37      3332         2         1
2342     16897        38      7248         1         2
2346     16897        43       592         2         1
2348     16897        43      9336         2         1
2350     16897        49      4752         1         2
2352     16897        52      6276         1         2
2355     16930        47      5672         2         1
2356     16948        39      1532         1         2
2359     16987        37      9956         2         1
2361     16987        38      2444         2         1
2363     16987        44      2176         2         1
2365     16987        45      3772         2         1
2367     16987        50      9980         1         2
2369     17065        39      8396         1         2
2375     17065        47      5096         2         1
2377     17065        50      3548         2         1
2379     17065        52      8456         1         2
2382     17098        46      1656         1         2
2384     17098        46      5192         2         1
2386     17098        47      3716         2         1
2388     17098        52      3460         1         2
2389     17107        38      8012         1         2
2391     17107        39      6796         2         1
2394     17167        39       212         1         2
2397     17176        52      4656         2         1
2400     17209        45       496         1         2
2402     17212        38      3936         2         1
2404     17212        44      8560         1         2
2407     17236        37      8400         2         1
2409     17236        50      3296         1         2
2411     17242        50      6176         1         2
2416     17305        50      2332         1         2
2417     17323        45      9740         1         2
2419     17323        46      1080         1         2
2421     17413        45      9828         1         2
2423     17422        40      2804         2         1
2425     17476        42      3336         1         2
2431     17578        42      4624         2         1
2433     17578        42      8040         1         2
2435     17578        43       264         1         2
2437     17590        42      4396         2         1
2438     17599        37      1648         1         2
2440     17599        45      8564         2         1
2442     17599        46      4316         1         2
2449     17599        51      3984         2         1
2451     17599        52      1092         1         2
2453     17638        38      4440         2         1
2455     17638        39      3412         1         2
2457     17638        43       772         1         2
2460     17656        37      4356         2         1
2462     17656        42      6388         2         1
2464     17656        49      2588         1         2
2466     17656        49      8516         2         1
2468     17656        52      2724         1         2
2473     17659        42      2204         1         2
2475     17659        50       652         1         2
2476     17677        37       764         2         1
2478     17677        43       676         2         1
2480     17677        45      5476         2         1
2484     17677        50      1736         2         1
2487     17710        40      9972         1         2
2489     17710        45      1820         1         2
2491     17710        47       784         2         1
2495     17710        51      2288         1         2
2496     17737        50      2664         1         2
2498     17737        50      3816         2         1
2501     17779        41      7820         2         1
2503     17779        49      7288         1         2
2505     17779        52      9588         2         1
2506     17782        37      2552         2         1
2509     17851        37      1992         1         2
2510     17857        50      4944         1         2
2511     17893        40      2964         2         1
2513     17893        51      7132         1         2
2514     17899        39       912         1         2
2516     17899        39      4464         1         2
2517     17899        49      3396         2         1
2521     17899        50      7800         1         2
2525     17947        45      1196         1         2
2527     17947        46      2728         1         2
2528     17983        52      7872         2         1
2529     18007        38      5156         1         2
2533     18007        43      7796         1         2
2535     18007        45        48         1         2
2536     18058        49      5820         2         1
2538     18058        52      5184         2         1
2542     18091        41       208         2         1
2544     18091        46      7388         2         1
2546     18163        41      4544         2         1
2550     18163        47      5904         2         1
2554     18211        46      2424         2         1
2556     18211        52      5964         1         2
2560     18316        50      6736         1         2
2565     18403        46      5024         2         1
2566     18457        40      8228         1         2
2568     18457        42      1196         2         1
2572     18463        37      4100         1         2
2574     18463        38      8720         2         1
2576     18463        43      4092         1         2
2578     18463        44      6552         2         1
2582     18463        49      7536         2         1
2585     18475        40       692         1         2
2587     18493        49      8484         1         2
2589     18493        52      3072         2         1
2592     18517        38      6000         1         2
2594     18517        41      7384         2         1
2595     18535        38       840         1         2
2597     18535        40      1704         2         1
2602     18574        42        36         1         2
2604     18574        44      8984         2         1
2606     18574        46      9272         2         1
2609     18658        38      8564         1         2
2611     18658        42      5580         1         2
2614     18664        39      9492         1         2
2616     18664        42      1084         2         1
2618     18667        47      6696         1         2
2622     18700        50      8976         1         2
2625     18727        49      7452         2         1
2626     18739        40      5644         2         1
2627     18823        37      6508         1         2
2629     18823        38      6620         2         1
2631     18832        37      2672         2         1
2633     18832        38      1700         1         2
2640     18889        46      8116         2         1
2643     18889        51      7612         2         1
2644     18958        40       480         1         2
2647     18970        39      6068         1         2
2649     18970        45      3240         2         1
2653     19048        37      7148         1         2
2655     19054        42      4048         2         1
2657     19054        47      9400         1         2
2658     19057        42      3312         1         2
2660     19057        43      1120         2         1
2661     19057        49      2760         2         1
2663     19057        51      4544         2         1
2666     19066        44      4992         1         2
2671     19084        51      2212         1         2
2674     19117        43      3992         2         1
2676     19117        47       232         2         1
2678     19117        47      6836         2         1
2680     19117        50      2912         2         1
2683     19123        44       896         2         1
2685     19123        49      2760         2         1
2687     19126        39      7116         2         1
2689     19126        43      8728         1         2
2691     19126        44      2760         2         1
2693     19126        44      6312         2         1
2695     19126        45      1628         2         1
2697     19129        37      8228         1         2
2699     19129        42      2888         2         1
2701     19174        47      4040         2         1
2703     19189        43      2444         1         2
2707     19195        42      7292         2         1
2711     19195        46      7316         1         2
2713     19225        51      6632         1         2
2719     19249        49       936         1         2
2720     19249        52       376         1         2
2722     19249        52      5064         2         1
2725     19267        45      1000         2         1
2727     19267        46      1300         1         2
2729     19267        46      5060         1         2
2735     19363        38      3916         2         1
2739     19363        47      6112         2         1
2742     19372        39      3688         2         1
2744     19372        46      8160         2         1
2746     19393        50      3808         2         1
2750     19456        49      1668         2         1
2754     19456        50      7704         1         2
2756     19456        52      9520         2         1
2760     19468        43      7792         2         1
2762     19468        46       980         2         1
2763     19471        37      6356         2         1
2765     19471        38      2660         1         2
2767     19486        46      8592         1         2
2769     19486        51      4292         2         1
2771     19486        51      6804         2         1
2773     19510        46       724         2         1
2777     19513        38      2032         2         1
2778     19519        39      2124         2         1
2780     19519        41      6428         1         2
2782     19519        49      9724         2         1
2783     19525        47       964         1         2
2785     19525        51      1052         2         1
2787     19549        52      7584         2         1
2790     19624        43      9820         2         1
2792     19633        38      3736         1         2
2797     19657        49      7088         1         2
2800     19702        39      8676         1         2
2802     19702        40      6936         2         1
2804     19702        42      7872         2         1
2806     19702        44      6812         2         1
2808     19702        52      9232         1         2
2811     19765        41      5628         2         1
2814     19774        41      7788         2         1
2816     19804        42      3768         2         1
2818     19804        45      1296         1         2
2820     19804        45      5476         1         2
2823     19849        37      8856         2         1
2825     19849        47      4936         1         2
2827     19849        50      4844         2         1
2831     19897        41      2484         1         2
2833     19897        43      2668         1         2
2835     19900        40      5776         2         1
2839     19906        50       300         1         2
2841     20008        51      6248         1         2
2843     20029        37      8624         1         2
2845     20029        43      5752         1         2
2848     20080        38       572         1         2
2850     20080        43      9284         2         1
2852     20080        47      2580         2         1
2855     20110        37      4820         2         1
2857     20110        39      4852         2         1
2862     20242        44       968         1         2
2864     20242        49      3820         1         2
2866     20251        38      9248         2         1
2868     20251        44      1468         1         2
2869     20251        49      7464         1         2
2870     20302        46      7552         1         2
2872     20302        47      3000         1         2
2873     20302        49       404         1         2
2874     20302        49      9476         2         1
2875     20302        52       400         2         1
2876     20419        42      2240         1         2
2879     20434        45      4020         1         2
2881     20434        49      5412         2         1
2883     20434        51      6968         1         2
2885     20473        41      3628         1         2
2887     20473        47      8556         2         1
2889     20473        49      6644         1         2
2892     20521        40      5088         1         2
2894     20521        42      9604         1         2
2896     20551        42      4520         1         2
2898     20551        50      9092         2         1
2899     20584        38      6308         2         1
2901     20584        45       572         2         1
2906     20620        51      5168         2         1
2908     20644        39      2936         1         2
2912     20644        46      8692         1         2
2915     20653        49      2728         2         1
2917     20656        38      3540         2         1
2919     20656        38      7364         2         1
2921     20656        40      8652         1         2
2923     20656        41      9804         2         1
2926     20677        38      3464         1         2
2928     20677        45      7724         2         1
2929     20677        49      6760         2         1
2930     20710        46      4964         1         2
2934     20731        52      7916         1         2
2936     20743        42      6264         2         1
2939     20743        50      9040         2         1
2941     20749        42      9840         2         1
2945     20749        49      4844         2         1
2947     20749        50      4864         2         1
2948     20776        47      6376         1         2
2950     20776        50      6752         1         2
2951     20776        51      7052         1         2
2954     20842        40      6396         1         2
2956     20842        42      5500         2         1
2958     20842        44      7204         2         1
2962     20875        41      8664         1         2
2964     20875        42      2460         1         2
2966     20875        45      3824         2         1
2968     20875        47        92         2         1
2971     20938        50      2036         2         1
2972     20956        43      7888         2         1
2974     20956        49      2828         1         2
2976     20986        41      2916         1         2
2977     20986        45      4392         2         1
2980     20995        42      5428         2         1
2981     21049        40      7488         2         1
2983     21049        49      5624         1         2
2985     21049        51       992         2         1
2987     21049        51      4896         2         1
2988     21133        44      5856         1         2
2990     21163        37      4696         1         2
2996     21211        37      3020         1         2
2998     21211        45      6436         1         2
3000     21211        52      8064         2         1
3001     21217        40      7400         1         2
3005     21226        44      8240         2         1
3007     21226        46      9040         2         1
3011     21388        39      4432         1         2
3013     21388        46      5172         2         1
3015     21409        45      7836         1         2
3017     21409        47      1940         2         1
3019     21409        51      2736         1         2
3021     21424        40      4920         1         2
3025     21499        43      6152         1         2
3027     21499        49      3644         2         1
3030     21532        47      4828         2         1
3031     21538        38      7704         2         1
3033     21538        49      5508         2         1
3036     21562        45      3516         1         2
3038     21562        45      6856         2         1
3040     21562        47      7540         2         1
3042     21562        49      1748         2         1
3044     21586        38      2508         1         2
3046     21586        42      5144         1         2
3048     21592        37      2984         2         1
3050     21592        38      8140         2         1
3052     21592        43      3508         2         1
3054     21592        44      2704         1         2
3056     21592        47      3868         2         1
3059     21694        42      2172         1         2
3063     21718        38      3552         2         1
3067     21718        49      6812         2         1
3071     21721        46       880         1         2
3073     21808        37      9500         1         2
3075     21808        42      4416         1         2
3077     21808        49      6692         2         1
3080     21826        46      8904         1         2
3083     21826        52      1784         2         1
3085     21847        37      8860         1         2
3089     21940        39      8980         2         1
3090     21940        44      2256         1         2
3091     21955        42      7012         1         2
3093     21955        43       228         1         2
3095     21955        46      2456         2         1
3097     21955        46      9896         2         1
3099     21967        41       644         2         1
3103     22075        43      6036         2         1
3107     22075        52      3040         2         1
3108     22093        37      7148         2         1
3110     22093        38      7312         2         1
3113     22093        49      4284         2         1
3115     22093        52      8924         2         1
3117     22099        44      5456         1         2
3119     22099        46      6676         1         2
3120     22126        42      8176         1         2
3122     22126        43      3452         1         2
3124     22126        49       288         1         2
3125     22147        47      4040         1         2
3127     22174        49      2116         1         2
3128     22186        51      4740         2         1
3131     22195        44      9152         1         2
3134     22204        39      1364         2         1
3136     22204        42      7672         1         2
3140     22204        50      4220         1         2
3141     22276        46      8840         1         2
3143     22342        40      1580         1         2
3145     22342        42       816         1         2
3147     22342        44      3700         1         2
3150     22447        38      6680         1         2
3152     22447        44      7400         1         2
3156     22447        45      7808         2         1
3158     22447        45      9992         2         1
3162     22525        47      4604         2         1
3165     22552        39      3248         1         2
3166     22594        46      4588         2         1
3168     22594        49      4412         2         1
3171     22597        50      1448         1         2
3172     22609        38      6660         1         2
3174     22609        40      4664         1         2
3176     22609        47      3744         2         1
3177     22609        49       408         2         1
3180     22615        38       956         1         2
3182     22621        46      2380         2         1
3184     22621        51      7432         1         2
3186     22621        52      5532         2         1
3188     22645        42      8576         1         2
3192     22720        51      9740         2         1
3194     22735        40       700         2         1
3196     22735        46      2740         2         1
3198     22735        46      6232         1         2
3201     22738        42      2856         1         2
3203     22738        52      1036         2         1
3206     22768        50      9836         2         1
3208     22831        37      2688         2         1
3210     22831        39      2976         2         1
3212     22831        40      6008         1         2
3214     22831        41      3092         1         2
3216     22831        47      2248         1         2
3218     22831        52      5784         1         2
3219     22834        40      4212         2         1
3221     22834        42      2180         1         2
3223     22834        52      2660         1         2
3226     22843        40      1896         1         2
3228     22918        41      7940         1         2
3232     22918        51      7900         1         2
3233     22951        38      6036         1         2
3234     22951        42      2116         1         2
3235     22966        38      9984         1         2
3237     22972        50      1516         1         2
3241     23059        37      6024         2         1
3243     23059        45      5232         1         2
3245     23059        46      4888         2         1
3247     23059        50       768         2         1
3250     23074        39      7344         1         2
3252     23074        40       720         2         1
3255     23128        42      4984         2         1
3262     23152        42      5312         1         2
3264     23152        44      2856         2         1
3265     23179        38      2240         1         2
3270     23206        52      3968         2         1
3272     23215        45      9252         1         2
3275     23221        46      4664         1         2
3276     23263        38        80         1         2
3278     23263        42      5352         1         2
3281     23362        45         4         1         2
3283     23362        49      2028         1         2
