3      2803        87      2963         2         1
4      2803        88      6189         1         2
6      2818        92       881         2         1
9      2833        52      6787         1         2
10      2833        58      1969         2         1
14      2833        63      5516         1         2
16      2833        65      2991         2         1
18      2833        66      5517         2         1
20      2833        69       519         1         2
24      2833        70      9499         1         2
27      2836        40      9927         2         1
29      2836        44      1663         2         1
30      2839        73      4353         1         2
34      2857        54      5409         1         2
36      2857        59      4826         2         1
38      2857        60      2999         1         2
42      2857        68        43         1         2
46      2857        78      6406         2         1
48      2857        82      5780         1         2
50      2857        84      3764         2         1
52      2857        84      8207         1         2
54      2857        92      5827         2         1
57      2857        99      3455         2         1
59      2857        99      5810         1         2
61      2860        54      2277         2         1
63      2860        55      3990         2         1
65      2860        60      5850         1         2
71      2860        78      3044         1         2
73      2860        89      7618         1         2
75      2860        92      6246         1         2
77      2860        94      2637         1         2
79      2860        98      1857         2         1
80      2872        38      1191         2         1
82      2872        40      1252         1         2
86      2872        43      5739         1         2
88      2872        45      6212         1         2
94      2872        51      3859         2         1
100      2872        64        76         2         1
102      2872        66      5793         1         2
104      2872        70      4076         1         2
108      2872        77      7239         2         1
110      2896        62      5730         2         1
112      2896        63      4147         2         1
114      2896        63      5337         2         1
116      2896        63      9574         1         2
118      2896        70      1301         1         2
120      2896        71      1377         2         1
124      2896        75      6467         1         2
126      2896        75      8393         1         2
128      2896        76      3216         2         1
133      2896        79       588         2         1
135      2896        84      7631         2         1
138      2923        80      5669         1         2
142      2923        85      4038         1         2
144      2923        95      1179         2         1
145      2923        95      5799         2         1
146      2935        39      6571         2         1
150      2935        54      7706         1         2
151      2935        57      9571         2         1
153      2935        59      2092         1         2
155      2935        66      4872         2         1
157      2935        71      7760         2         1
159      2935        74      8467         2         1
161      2935        75      5283         2         1
163      2935        75      9651         1         2
165      2935        90      5463         1         2
169      2947        68      6717         1         2
173      2956        74      9590         1         2
175      2956        78       910         1         2
179      2956        83      1956         2         1
182      2956        84      7350         2         1
183      2959        53      6022         2         1
187      2959        66      1462         2         1
189      2959        67      8244         2         1
191      2959        69      7666         2         1
193      2959        70      3139         2         1
199      2977        56      5482         2         1
201      2977        57      3488         1         2
203      2977        62      5487         2         1
205      2986        41      5080         1         2
207      2986        43      2738         1         2
209      2986        44      1615         1         2
211      2998        72      4020         2         1
214      2998        78      3833         2         1
216      2998        81      5225         2         1
217      2998        82      3430         1         2
219      2998        85      6462         2         1
225      2998       100      5559         1         2
227      3025        78      8659         2         1
229      3031        45      7662         2         1
233      3031        53      3061         1         2
236      3031        63      6374         1         2
238      3031        67      9246         2         1
240      3031        70      9016         1         2
242      3031        81       401         1         2
244      3058        65      1964         1         2
247      3085        42      9094         2         1
251      3085        45      5126         2         1
253      3085        47      8248         2         1
255      3085        51      9228         1         2
257      3085        58      2143         1         2
259      3085        61      9680         2         1
261      3085        75      2189         2         1
263      3115        75       747         1         2
264      3115        86      7978         1         2
266      3115        89      4518         1         2
268      3115        90      8299         2         1
270      3115        94      1765         1         2
272      3115        95       119         1         2
276      3127        70      4278         2         1
279      3127        79       934         1         2
281      3127        82      1139         1         2
283      3127        89      7807         2         1
285      3130        38       316         1         2
287      3130        41      8017         2         1
289      3130        50       664         2         1
291      3130        60      9829         2         1
294      3130        65      7698         1         2
296      3130        66      5800         2         1
299      3151        93       343         2         1
301      3151        94      8334         1         2
303      3151        96      8747         2         1
305      3151        98      3699         2         1
306      3154        50      1963         2         1
310      3154        56      6669         1         2
312      3154        56      9072         1         2
318      3154        73      3673         1         2
320      3154        74      4859         2         1
322      3154        81      9211         1         2
324      3169        85      4922         2         1
325      3169        85      8664         2         1
327      3172        37      4449         2         1
330      3178        70      8880         2         1
332      3196        65      9571         2         1
333      3199        50      5871         1         2
336      3223        38      5630         1         2
339      3223        51      9769         1         2
341      3223        62      6128         2         1
343      3223        66      8015         1         2
345      3223        86      6797         2         1
348      3223        91      7252         1         2
352      3223        98      2170         2         1
353      3223        99      5393         2         1
354      3250        37      3199         1         2
356      3250        39      8887         1         2
359      3250        63      2307         1         2
361      3250        63      5525         1         2
363      3250        66      8167         2         1
369      3250        75      5095         2         1
371      3253        46      9248         2         1
379      3253        75      1406         1         2
383      3253        76      8145         1         2
385      3253        82      5673         2         1
387      3265        37      5247         1         2
388      3268        44      7605         1         2
392      3274       100      1242         2         1
395      3301        93      1199         2         1
397      3301        93      7520         1         2
398      3301        94      1115         2         1
400      3313        84      5349         1         2
407      3337        89      5064         1         2
409      3337        91      4225         1         2
410      3358        80       817         2         1
412      3358        80      6493         1         2
415      3358        81      1920         2         1
417      3358        81      2699         2         1
421      3358        81      9250         1         2
423      3358        82      4326         1         2
424      3358        82      9018         1         2
426      3358        88      1277         2         1
428      3358        91      3372         2         1
430      3358        96       236         1         2
434      3370        77      8051         1         2
435      3370        78      5531         2         1
439      3370        83      3448         2         1
441      3370        85      7982         1         2
443      3370        89      8583         2         1
445      3370        93       343         1         2
447      3370        94      1393         2         1
449      3370        95       262         2         1
451      3370        95      3765         2         1
453      3370        99      1566         2         1
458      3373        80      6355         2         1
460      3388        84       775         2         1
461      3397        68      9627         1         2
463      3397        69      1470         2         1
465      3397        72      3519         2         1
467      3397        73      5793         2         1
470      3397        75      4295         2         1
472      3397        77      4373         2         1
478      3397        81      9917         2         1
480      3397        82       758         2         1
484      3397        83      6918         2         1
486      3397        84      6969         2         1
496      3403        93      8086         1         2
497      3415        51      2126         2         1
506      3463        53      3985         2         1
510      3463        62      1584         2         1
512      3463        62      9104         2         1
516      3472        95      6738         1         2
519      3478        51      8247         2         1
521      3478        59      2397         1         2
523      3478        59      5246         2         1
527      3478        67      8971         1         2
529      3478        71      3147         2         1
531      3478        72      2203         1         2
533      3478        73       198         2         1
535      3478        76      7379         2         1
537      3487        86      3669         1         2
542      3487        88      2269         1         2
544      3487        88      4979         2         1
546      3487        89      3807         1         2
550      3490        78      9646         1         2
556      3514        45      6152         1         2
559      3535        52      4089         2         1
563      3538        52      8151         1         2
567      3538        55      4859         1         2
569      3538        63       703         1         2
573      3541        62       799         1         2
575      3541        63      4581         1         2
577      3541        65      9100         1         2
579      3541        74      9446         1         2
581      3541        82      9005         1         2
583      3541        87      6641         1         2
586      3541        92      1779         1         2
588      3544        55      5106         2         1
589      3544        59      7662         1         2
592      3544        63      5138         1         2
594      3553        90      6566         2         1
595      3553        93      7765         1         2
598      3559        46      6638         1         2
604      3559        58      9198         1         2
605      3565        44       691         2         1
607      3565        45      9062         1         2
609      3565        52      9989         1         2
611      3565        53      7240         2         1
617      3565        65      4131         1         2
619      3565        67      1907         2         1
621      3565        72      2516         1         2
623      3565        73      6852         1         2
627      3571        53      9581         1         2
629      3571        64      5438         2         1
631      3571        65      3275         2         1
633      3571        68      3005         1         2
635      3571        68      4076         1         2
637      3571        69      3123         1         2
640      3571        70      1112         1         2
643      3574        55       601         1         2
646      3574        64      6972         2         1
648      3574        67      3155         1         2
650      3574        67      8293         2         1
652      3574        68      6932         2         1
654      3574        74      9039         1         2
656      3574        78      1162         2         1
658      3574        79      2936         1         2
660      3574        79      5819         1         2
662      3574        81      7806         2         1
664      3574        84      9573         1         2
666      3574        90      1726         2         1
668      3574        93      1869         2         1
670      3583        90      7841         1         2
672      3583        92      3150         1         2
674      3583        98      5811         1         2
676      3583        99      3853         1         2
678      3586        81      6144         1         2
680      3586        82      6651         1         2
682      3586        87      9076         1         2
684      3586        89       685         1         2
686      3586        91      4029         2         1
688      3586        96      5125         2         1
690      3586        98      9960         1         2
692      3586       100      8977         2         1
694      3595        57       353         1         2
696      3595        62      5229         1         2
698      3595        73       457         2         1
700      3595        74      9481         2         1
702      3595        78      9029         2         1
704      3595        83      5076         1         2
706      3595        87      8329         1         2
708      3595        88      1688         2         1
709      3595        94      9117         1         2
713      3601        47      4375         2         1
715      3601        47      9471         2         1
718      3601        53      4059         1         2
724      3601        62      2931         1         2
726      3601        64      6720         1         2
728      3601        67      9138         2         1
730      3601        72      9184         2         1
734      3601        80       542         2         1
736      3601        85      6001         1         2
737      3604        97      5181         2         1
739      3610        44      7295         2         1
741      3610        46      5174         1         2
743      3610        54      3388         2         1
747      3610        59       836         2         1
749      3610        63      7205         2         1
751      3610        67      2790         2         1
753      3610        68      8990         1         2
755      3610        72      1816         1         2
757      3610        78      1404         2         1
759      3610        83      9948         1         2
761      3610        84      1425         1         2
764      3634        52      8535         1         2
768      3634        55      4461         1         2
772      3634        73       583         2         1
774      3634        73      7316         2         1
776      3634        78      5794         2         1
778      3634        79      8761         2         1
781      3649        61      6701         1         2
783      3664       100      8145         1         2
784      3667        43      9964         1         2
786      3667        53        24         1         2
788      3667        57      7762         1         2
792      3682        47      6851         1         2
793      3682        50      1856         2         1
794      3685        60        82         2         1
795      3700        69      3291         2         1
797      3700        74      9167         1         2
799      3700        80      6786         2         1
801      3700        81      6168         1         2
803      3700        85      4050         2         1
807      3700        89      3309         1         2
809      3700        90      4858         2         1
811      3700        90      9675         2         1
815      3700        95      2620         1         2
817      3700        96      3212         2         1
819      3721        54      3119         2         1
821      3721        59       318         2         1
828      3724        96      7513         1         2
829      3748        91      3449         2         1
832      3775        39      1671         1         2
834      3775        42      5166         1         2
838      3793        86      5430         2         1
840      3799        64      8024         2         1
844      3823        47      7932         1         2
849      3862        55      8640         1         2
851      3862        57      9999         1         2
855      3877        73      9123         1         2
856      3877        80      9528         1         2
858      3877        82      2665         2         1
860      3877        82      7116         2         1
864      3889        45      3397         2         1
867      3889        52      2657         2         1
869      3889        55      3300         2         1
874      3931        96      1886         2         1
876      3946        38       696         2         1
878      3946        42      4675         2         1
880      3946        53      7393         2         1
882      3946        54      7629         2         1
885      3949        92      5961         1         2
887      3949        97      1617         2         1
889      3976        38      2145         2         1
893      3976        40      3500         1         2
896      3976        97      1443         1         2
898      3976        99      6656         2         1
900      3976       100      4706         2         1
902      3991        84      2719         2         1
912      4006        47      8181         2         1
913      4006        54      5996         1         2
917      4033        83      1983         1         2
919      4033        85      9260         1         2
921      4048        37      2698         1         2
923      4048        40      7627         2         1
925      4048        40      9853         2         1
929      4048        41      9808         2         1
931      4048        53      1498         1         2
933      4048        55      3420         2         1
934      4087        80      6852         1         2
937      4087        84      7220         2         1
939      4087        85      1282         2         1
941      4087        87       414         1         2
943      4087        90       270         1         2
945      4087        92      9092         2         1
949      4087        94      8609         1         2
951      4087        98      3480         1         2
953      4087        99      1138         1         2
956      4093        44      3561         1         2
959      4093        52      1922         1         2
961      4093        55      3310         1         2
963      4093        56      7823         2         1
966      4093        59      7740         2         1
969      4093        64      9808         1         2
971      4099        38      3993         2         1
974      4099        41        83         2         1
975      4099        45      2611         1         2
977      4114        75       382         1         2
979      4117        37      2714         2         1
981      4117        40      7236         2         1
983      4117        41      2496         1         2
985      4120        61      7807         2         1
989      4120        73      3370         2         1
991      4120        73      5072         2         1
995      4120        73      9938         2         1
999      4120        74      4445         1         2
1001      4120        75      3286         1         2
1003      4120        75      6085         1         2
1009      4120        78      7873         2         1
1011      4120        79        81         1         2
1013      4120        80       586         2         1
1015      4120        81       596         2         1
1017      4120        81      9674         1         2
1019      4120        82      3221         1         2
1021      4120        82      4450         1         2
1025      4120        83      3071         1         2
1026      4120        84      4751         2         1
1031      4120        86      6545         2         1
1033      4120        88      9246         1         2
1035      4120        89      5721         2         1
1037      4120        89      9749         2         1
1039      4126        37      9057         2         1
1041      4138        43      5212         2         1
1043      4138        45      4194         2         1
1045      4138        47      1818         1         2
1047      4138        53      7431         1         2
1049      4138        55      4184         1         2
1051      4138        58      4130         1         2
1053      4138        59      5997         1         2
1057      4138        62      9117         2         1
1059      4138        64      8326         1         2
1061      4138        67      4041         2         1
1065      4138        73      6349         1         2
1068      4138        99      2063         1         2
1069      4162        37      4566         2         1
1071      4162        40      2958         2         1
1073      4162        42      6094         1         2
1075      4162        47      2111         1         2
1078      4162        64      8574         2         1
1080      4162        72      9756         1         2
1082      4189        93      6322         1         2
1083      4189        97      1990         2         1
1085      4189        97      4571         2         1
1087      4189       100      8396         1         2
1090      4195        57      1174         2         1
1092      4204        96      9169         2         1
1093      4204        97      1997         2         1
1097      4225        40      6374         1         2
1103      4225        60      8233         1         2
1105      4225        68      8020         2         1
1107      4225        72      5384         1         2
1109      4225        77      9309         2         1
1110      4240        56      4408         1         2
1112      4240        65      9975         2         1
1115      4240        70      8581         1         2
1117      4240        72       324         1         2
1120      4249        76      4681         2         1
1123      4264        37      2727         1         2
1125      4264        56      4964         1         2
1127      4264        60      5698         2         1
1130      4264        62      4082         1         2
1132      4264        63      9945         1         2
1134      4264        70      4657         1         2
1136      4264        76      3690         2         1
1138      4264        81      3104         2         1
1140      4264        85      7074         1         2
1141      4264        87      5142         1         2
1143      4264        89      7347         1         2
1145      4264        95      5863         2         1
1152      4267        92      6177         2         1
1153      4270        58      4440         2         1
1155      4270        63      7105         2         1
1159      4270        73      2218         1         2
1172      4270        96       964         1         2
1174      4270        98      3468         2         1
1175      4279        58      8992         2         1
1177      4279        60      1860         2         1
1179      4285        69      4072         2         1
1180      4285        72      4235         2         1
1182      4285        80      9494         1         2
1184      4285        86      4839         1         2
1186      4285        98      3136         2         1
1189      4297        91      7263         1         2
1191      4297        92      5133         2         1
1192      4297        92      9198         2         1
1193      4297        94      5922         2         1
1195      4297        96      2437         2         1
1197      4297        97      2464         2         1
1200      4297        99        42         1         2
1202      4297        99      3108         2         1
1203      4366        70      7633         2         1
1207      4366        77      9505         1         2
1209      4366        79      1951         1         2
1213      4366        80      3398         1         2
1215      4366        82      2355         1         2
1217      4366        88       792         1         2
1219      4366        88      2998         1         2
1220      4399        40      8781         1         2
1222      4399        43      3755         1         2
1225      4399        52      9348         2         1
1227      4405        80      5847         2         1
1228      4405        82      3131         1         2
1232      4405        83      9266         1         2
1234      4405        92      6311         1         2
1236      4411        38      5206         2         1
1241      4411        63      7793         1         2
1244      4411        87      2301         2         1
1246      4411        87      9430         1         2
1250      4447        56      2466         2         1
1255      4447        59      4022         2         1
1257      4447        59      7391         1         2
1259      4447        59      9958         1         2
1261      4447        61      7012         1         2
1263      4447        61      7570         1         2
1265      4447        62      5987         1         2
1269      4447        66      6974         1         2
1271      4447        72      5224         2         1
1273      4447        72      5378         2         1
1275      4456        77      2396         1         2
1277      4456       100      4219         2         1
1278      4459        50      5439         1         2
1281      4459        57      2178         2         1
1283      4459        61      7022         2         1
1285      4459        63      4495         1         2
1288      4465        42       603         2         1
1290      4465        42      4998         2         1
1293      4477        40      2699         1         2
1297      4498        41      3005         1         2
1300      4504        42      8551         1         2
1302      4504        62      9340         2         1
1306      4504        64      2779         1         2
1308      4504        64      6637         1         2
1310      4504        65       603         2         1
1314      4504        70      2832         2         1
1316      4504        70      3386         1         2
1323      4504        77      9203         2         1
1329      4504        88      9336         1         2
1331      4504        93      1576         2         1
1332      4504        98      8013         2         1
1333      4510        41      6398         1         2
1337      4510        63      3492         2         1
1339      4510        64       902         2         1
1340      4522        75      2541         1         2
1343      4525        64      7258         2         1
1345      4525        75      7367         2         1
1349      4555        44      5493         2         1
1351      4555        44      7647         1         2
1356      4555        66      3963         2         1
1359      4555        83       361         2         1
1365      4558        66      2139         2         1
1367      4558        74      7298         2         1
1374      4585        88      4943         1         2
1378      4585        92      1282         2         1
1380      4585        92      2842         2         1
1381      4597        37      7564         2         1
1383      4597        55      3694         2         1
1385      4597        58       952         1         2
1387      4597        68       448         2         1
1389      4597        71      2591         2         1
1391      4597        72      6642         2         1
1393      4597        73       740         2         1
1397      4597        80      3209         1         2
1399      4597        80      9969         1         2
1402      4597        85      2332         1         2
1403      4609        75      6800         1         2
1405      4609        77      6076         2         1
1407      4609        78      8306         2         1
1409      4609        80      1903         2         1
1412      4609        89      5767         1         2
1413      4609        94      3642         1         2
1417      4621        47      5164         1         2
1419      4630        82      2900         2         1
1421      4630        84      1802         1         2
1425      4630        89      4548         2         1
1427      4630        89      5513         2         1
1431      4642        38      5883         2         1
1432      4642        47      7359         2         1
1434      4642        53      6074         2         1
1436      4660        73      2812         1         2
1437      4660        74      9154         2         1
1440      4660        78      9651         2         1
1442      4675        84      9325         2         1
1444      4675        85      2716         1         2
1446      4675        86      4055         2         1
1448      4675        86      9165         1         2
1450      4675        87      3238         2         1
1452      4675        88      1002         1         2
1456      4684        60      2395         1         2
1458      4684        70       276         1         2
1460      4684        70      9535         1         2
1462      4684        79      5396         1         2
1464      4684        88      3618         1         2
1465      4699        62      7478         1         2
1466      4699        66      4115         1         2
1468      4699        67      3654         2         1
1470      4699        70       235         1         2
1472      4699        74      9056         1         2
1474      4699        77      1659         1         2
1476      4705        70      6518         2         1
1478      4705        72       826         2         1
1480      4705        75      6081         1         2
1482      4705        83      2376         1         2
1488      4705        99      1027         1         2
1490      4705        99      2099         2         1
1491      4753        39      6041         2         1
1493      4753        43      5315         1         2
1495      4753        44       410         1         2
1498      4753        51      1326         2         1
1500      4753        54      1522         2         1
1502      4753        57      5102         2         1
1506      4753        60      6118         2         1
1510      4753        75      1895         2         1
1512      4753        78      7465         1         2
1514      4753        81       699         2         1
1516      4753        81      8312         2         1
1518      4753        82      4997         2         1
1524      4759        41      6391         2         1
1526      4759        44      2126         2         1
1528      4759        51      7488         1         2
1531      4777        37      1440         2         1
1533      4777        44      4662         1         2
1535      4777        54      9804         1         2
1537      4777        56      1885         2         1
1539      4777        56      5336         1         2
1541      4777        63      4684         1         2
1543      4777        66      1902         1         2
1545      4777        66      9321         1         2
1546      4780        54       764         2         1
1548      4780        58      3486         2         1
1550      4780        61      6260         2         1
1552      4780        63      5789         1         2
1558      4780        69      1771         2         1
1560      4780        71      3322         1         2
1564      4792        47      7574         2         1
1566      4792        50      2873         1         2
1568      4792        55      6358         2         1
1570      4792        55      9434         2         1
1574      4792        60      1526         2         1
1577      4816        84      5314         2         1
1580      4816        94      7919         2         1
1585      4816        97      7044         1         2
1592      4828        63      5844         2         1
1594      4828        67      9515         2         1
1598      4828        71      4868         1         2
1600      4828        76      6874         1         2
1602      4828        83      5835         2         1
1606      4828        89      5267         2         1
1608      4828        92      2921         1         2
1610      4834        41      4146         2         1
1612      4837        40        65         1         2
1617      4840        44      1934         2         1
1620      4861        79      4304         2         1
1622      4861        86      9281         1         2
1624      4861        89      3809         1         2
1626      4861        91      4283         1         2
1628      4861        93      6124         1         2
1629      4864        37      9713         2         1
1631      4864        42      8719         1         2
1635      4864        44      7538         2         1
1637      4864        46      7173         1         2
1641      4864        52      2968         2         1
1643      4864        54       748         1         2
1645      4864        61      8969         1         2
1647      4864        67      1991         1         2
1648      4894        39      1640         2         1
1651      4894        66      8066         2         1
1653      4903        47      1497         1         2
1656      4903        52      3198         2         1
1658      4903        55      9816         2         1
1662      4903        60      7397         1         2
1664      4903        61      2176         1         2
1666      4903        62      4149         2         1
1667      4903        65      4222         1         2
1671      4903        71      8595         2         1
1676      4903        86      8671         2         1
1680      4903        88      9579         2         1
1682      4903        89      2637         2         1
1684      4903        93       357         1         2
1688      4912        91       236         1         2
1692      4930        89      7180         1         2
1694      4930        91      5491         1         2
1698      4936        73      1915         2         1
1702      4945        46      2228         1         2
1704      4945        46      4937         1         2
1706      4945        47      4221         2         1
1708      4945        58      6384         2         1
1710      4945        64      5643         2         1
1713      4948        38      9293         2         1
1715      4948        42      9989         1         2
1718      4948        50      2410         1         2
1720      4948        54      1013         1         2
1721      4954        37      6130         2         1
1723      4954        43      4174         2         1
1725      4954        46      3915         1         2
1727      4954        50       784         2         1
1728      4954        52       293         2         1
1730      4954        96       400         2         1
1736      4975        52      8333         2         1
1742      4975        59      8291         1         2
1747      4975        68      6514         1         2
1749      4975        75      6084         2         1
1753      4975        91      7771         2         1
1755      4975        99      5532         2         1
1757      4999        68      2322         2         1
1759      4999        72      1133         1         2
1763      4999        75      9147         2         1
1766      4999        83      4958         2         1
1770      4999        92      8300         2         1
1771      4999        94      6802         2         1
1773      4999        94      8634         2         1
1774      4999        95      1141         2         1
1776      4999        96      8892         2         1
1777      4999        99      9014         1         2
1779      4999       100      4480         2         1
1780      5005        74      9897         1         2
1782      5005        81      4620         1         2
1784      5047        99      2852         1         2
1787      5050        41       340         2         1
1789      5050        54      6373         2         1
1792      5050        62      2373         1         2
1794      5050        70      3313         2         1
1796      5050        72      3350         2         1
1800      5050        77      1037         2         1
1803      5050        79      6031         1         2
1805      5050        84      6517         2         1
1808      5050        90      9922         2         1
1810      5050        98       408         2         1
1811      5083        38      4261         1         2
1813      5083        41      4494         1         2
1815      5083        41      6763         1         2
1817      5083        44       742         1         2
1819      5083        44      5388         2         1
1821      5083        47      1936         1         2
1829      5083        59      2869         1         2
1831      5083        62      1618         2         1
1833      5083        66      7337         1         2
1835      5083        74       977         2         1
1840      5083        76      2196         2         1
1842      5083        76      5059         2         1
1844      5083        77      2297         1         2
1846      5083        85      7470         1         2
1848      5083        89      9293         1         2
1858      5089        66         9         2         1
1859      5104        73      7856         1         2
1861      5104        74      3940         1         2
1863      5104        74      5986         1         2
1867      5104        81      2769         1         2
1870      5149        85      2704         2         1
1873      5149        88      8482         1         2
1876      5152        99      2929         2         1
1878      5158        41      2024         2         1
1879      5158        43      2107         1         2
1881      5158        47      8129         1         2
1882      5167        77      3845         2         1
1885      5200        88      7613         1         2
1887      5212        80      2788         1         2
1889      5212        82      3260         2         1
1895      5212        83      3416         1         2
1898      5212        86      6839         1         2
1902      5212        96       522         1         2
1906      5257        63      4452         2         1
1907      5260        79      3138         1         2
1908      5260        82      4805         1         2
1911      5272        39      9969         1         2
1913      5272        41      9604         1         2
1915      5272        43      4638         2         1
1917      5272        56      2435         2         1
1919      5272        60      9180         1         2
1920      5272        64      9115         2         1
1922      5272        65      9828         2         1
1923      5275        38      6901         2         1
1925      5275        44      5081         2         1
1927      5275        57      8612         2         1
1930      5275        70      3740         2         1
1934      5275        80       717         2         1
1936      5278        41      2381         1         2
1938      5278        46      3711         2         1
1940      5281        37      5197         1         2
1942      5281        37      8037         2         1
1946      5281        85      4187         1         2
1948      5281        91      4363         2         1
1950      5296        59      8247         1         2
1952      5296        61      5204         1         2
1954      5299        60      1842         1         2
1958      5311        94      9474         1         2
1966      5368        71      3148         2         1
1967      5371        75       468         2         1
1971      5371        77      8611         2         1
1975      5371        80      9954         1         2
1976      5371        81       854         1         2
1978      5371        81      1817         1         2
1980      5374        61      7426         2         1
1983      5380        97      5528         1         2
1985      5413        40      3276         2         1
1986      5413        52      3512         2         1
1988      5419        46      3315         2         1
1990      5419        50      2560         2         1
1992      5419        52         7         1         2
1995      5419        83      3816         2         1
1997      5419        84      9093         1         2
2001      5419        91      4041         1         2
2003      5419        92      8079         2         1
2008      5443        71       546         1         2
2012      5443        75      8437         2         1
2014      5443        92      3250         2         1
2018      5446        38      6612         2         1
2020      5446        40      2017         1         2
2022      5446        41      3120         2         1
2028      5446        70      1443         1         2
2030      5467        68      7726         1         2
2034      5467        72      9257         1         2
2036      5467        74      5150         1         2
2038      5467        75       788         1         2
2041      5530        44      8970         2         1
2043      5530        45      9187         1         2
2050      5560        65      1329         2         1
2053      5560        86      1323         2         1
2055      5560        89      5415         1         2
2057      5560        98       568         2         1
2059      5590        40      7625         2         1
2061      5590        40      8758         2         1
2065      5590        55        49         1         2
2069      5590        72      1482         1         2
2071      5590        75      1508         1         2
2075      5590        78      8864         2         1
2077      5590        79      4228         1         2
2080      5617        45      9467         1         2
2082      5617        47      9598         1         2
2083      5617        51      5667         1         2
2087      5632        99      6805         2         1
2089      5632        99      9788         2         1
2094      5638        50      1280         2         1
2096      5638        61      6988         1         2
2100      5638        67      7952         2         1
2102      5638        80      3142         1         2
2106      5638        84      1038         1         2
2109      5644        73       424         2         1
2112      5644        77      6855         1         2
2116      5668        59      4085         1         2
2118      5668        59      7615         2         1
2122      5668        66      9327         1         2
2124      5668        70      4593         1         2
2126      5668        72      8112         1         2
2128      5668        74      3252         1         2
2130      5668        75      9051         2         1
2132      5668        78      5530         1         2
2134      5668        81      2182         1         2
2136      5668        85      4343         2         1
2138      5668        87      2315         1         2
2140      5668        96      9958         2         1
2142      5668        97      3737         2         1
2146      5701        45      8789         2         1
2151      5701        52      8584         2         1
2153      5701        53      8749         2         1
2154      5701        54       364         2         1
2156      5701        55      3910         2         1
2158      5701        56       747         1         2
2161      5701        57      3055         2         1
2163      5701        65      3283         2         1
2169      5707        50      4160         2         1
2170      5707        52      4038         2         1
2172      5707        56      4623         1         2
2174      5707        57      7696         2         1
2175      5707        61      7903         2         1
2179      5707        66      9772         1         2
2181      5707        71      7807         2         1
2183      5707        80      2134         1         2
2185      5707        81      6200         1         2
2189      5707        90      1566         1         2
2191      5707       100      6156         2         1
2194      5743        50       823         2         1
2198      5743        54      2290         1         2
2204      5758        85      8578         2         1
2206      5758        87      3363         2         1
2208      5758        89      9019         1         2
2211      5758        98      5728         1         2
2213      5758        99      1262         2         1
2215      5758       100      2072         2         1
2220      5785        38      9494         2         1
2222      5785        43      1513         2         1
2228      5785        55      7123         2         1
2230      5785        55      9795         1         2
2232      5785        59      2421         2         1
2234      5785        61      5598         1         2
2241      5785        86      1817         1         2
2242      5785        87      7534         1         2
2244      5788        41      4058         1         2
2248      5818        70      6437         1         2
2253      5818        82      5516         2         1
2255      5818        84      7029         2         1
2259      5818        89      1447         2         1
2261      5818        91      9490         2         1
2264      5821        46      3650         1         2
2268      5830        38      6728         1         2
2273      5833        82       101         2         1
2275      5833        88      5201         1         2
2276      5848        82      6823         1         2
2278      5848        98      1179         1         2
2280      5884        85      1594         2         1
2282      5884        88      2789         1         2
2284      5884        88      8381         1         2
2287      5884        99      2920         1         2
2289      5887        75      6414         1         2
2292      5887        79      3938         1         2
2294      5887        84      5257         1         2
2296      5887        85      1454         1         2
2300      5887        94      3657         2         1
2302      5887        95      3223         1         2
2304      5887        96      5214         1         2
2307      5890        71      6602         1         2
2309      5893        39       900         2         1
2311      5893        42      2922         1         2
2315      5893        46      5239         1         2
2317      5893        54      2085         1         2
2323      5893        67       199         2         1
2326      5893        70      2449         2         1
2329      5893        74      3510         2         1
2331      5893        75      8060         1         2
2333      5893        76      4501         1         2
2335      5893        77       916         1         2
2337      5893        77      5317         2         1
2340      5902        79      2960         2         1
2341      5944        99      5952         1         2
2343      5944       100      7246         1         2
2346      5950        40      6282         1         2
2348      5950        53      2773         1         2
2350      5950        60      8728         2         1
2357      5950        66      3009         2         1
2361      5950        66      8130         1         2
2363      5950        68      8204         2         1
2365      5950        72      4689         1         2
2367      5950        85      5820         2         1
2369      5956        42      1054         2         1
2373      5956        51      6151         2         1
2377      5980        74      1555         2         1
2379      5980        79      1069         2         1
2384      5980        91      9358         2         1
2385      5989       100      5491         1         2
2389      6025        67      9300         2         1
2391      6025        72      7500         1         2
2394      6034        38      2380         1         2
2396      6034        39      8145         1         2
2398      6034        40        24         2         1
2402      6034        46      3811         2         1
2404      6034        47      6909         2         1
2408      6034        52      1350         1         2
2410      6034        54      5533         2         1
2412      6034        57      1394         1         2
2414      6034        64      4830         2         1
2417      6043        80      8569         2         1
2418      6043        83      9243         2         1
2420      6043        85      2203         1         2
2421      6043        85      8203         1         2
2423      6043        89      2831         2         1
2425      6043        91       748         2         1
2427      6043        96      7527         2         1
2429      6043       100      2391         2         1
2432      6049        43      8416         1         2
2436      6049        61      3434         1         2
2438      6049        66      4317         1         2
2440      6049        68      5897         1         2
2442      6049        70      6212         2         1
2444      6049        71      5262         2         1
2446      6049        72      4491         2         1
2448      6049        73      1477         2         1
2452      6049        88      1563         1         2
2455      6055        39      6201         2         1
2457      6055        40      8065         1         2
2459      6064        37       616         2         1
2461      6064        44      8564         1         2
2462      6091        91      7085         1         2
2464      6091        96      3918         1         2
2466      6091       100      1302         1         2
2470      6112        65      7546         2         1
2474      6112        77      4462         2         1
2476      6112        81      8497         1         2
2478      6112        83      6040         2         1
2481      6112        94      1774         2         1
2483      6115        37      1080         2         1
2487      6115        50      1752         1         2
2489      6115        51      2826         2         1
2491      6115        53      9396         2         1
2493      6115        55       353         2         1
2495      6115        56      2889         2         1
2496      6115        63      6406         1         2
2499      6115        69      7418         1         2
2502      6136        94      4081         1         2
2505      6136        98      2814         2         1
2508      6145        50      4433         2         1
2510      6151        40      3651         2         1
2512      6151        42      2633         2         1
2513      6151        42      9787         2         1
2515      6151        56      7562         2         1
2517      6151        68      8402         2         1
2519      6154        42      1182         1         2
2521      6154        50      1165         1         2
2523      6154        52      2697         2         1
2525      6154        54      8995         1         2
2528      6154        58      8572         1         2
2530      6154        61      6530         2         1
2532      6154        63      1504         1         2
2533      6154        64      2397         2         1
2535      6154        64      4722         1         2
2537      6154        65      2909         1         2
2539      6154        66      1856         2         1
2541      6154        67      9457         1         2
2545      6154        91      4960         1         2
2547      6163        59      7666         1         2
2548      6163        62      5007         2         1
2550      6163        64      4508         1         2
2552      6163        66      5114         2         1
2554      6187        56      6119         2         1
2558      6187        64      4711         2         1
2562      6187        75      2535         2         1
2565      6187        85      4515         1         2
2567      6187        89      1486         2         1
2573      6208        94      8912         2         1
2575      6208        95      1464         1         2
2577      6208        96      9767         2         1
2579      6208        97      6038         1         2
2581      6208       100      7284         1         2
2584      6211        47      7160         2         1
2587      6211        55      8099         2         1
2594      6211        67      9006         2         1
2596      6211        71       268         2         1
2598      6211        75      4874         1         2
2600      6211        75      5460         1         2
2603      6238        39      8129         1         2
2607      6238        47      6295         1         2
2609      6238        61      5941         2         1
2611      6238        66      6247         2         1
2613      6238        69      1215         2         1
2617      6238        74      1404         1         2
2619      6238        74      5969         2         1
2621      6238        74      9107         1         2
2624      6238        80      7607         1         2
2626      6238        82      2365         1         2
2628      6238        82      8566         1         2
2630      6238        84      8587         1         2
2634      6241        40      7546         1         2
2636      6241        42      5723         2         1
2644      6244        46      8776         2         1
2647      6244        61      6298         2         1
2649      6244        65      8596         2         1
2653      6244        67      1391         2         1
2655      6244        68      1657         2         1
2657      6244        70      4025         2         1
2659      6244        74      8088         2         1
2662      6250        93      6386         1         2
2664      6253        98      2094         1         2
2666      6253        98      5567         1         2
2670      6253        99      4988         1         2
2672      6274        82      1644         2         1
2677      6274        94      3587         1         2
2680      6292        43      8861         1         2
2683      6292        51       172         2         1
2687      6292        51      6907         2         1
2690      6292        63      3010         2         1
2692      6328        50      4013         1         2
2694      6331        59      1762         1         2
2696      6331        59      3482         2         1
2698      6331        59      6856         2         1
2700      6331        60      1124         2         1
2703      6331        63      7749         2         1
2706      6331        64      7842         1         2
2708      6331        65      8714         1         2
2710      6331        67       111         1         2
2712      6331        68      2234         2         1
2715      6331        69       598         2         1
2717      6331        70      8065         1         2
2718      6331        77      6407         2         1
2720      6331        78      8290         1         2
2722      6331        85      6311         1         2
2724      6331        92      8401         2         1
2726      6331        96      3917         1         2
2728      6331        98      2347         1         2
2730      6331        98      6500         2         1
2734      6331        99      1334         2         1
2738      6331       100      8235         1         2
2739      6358        87      6848         2         1
2743      6370        57      1449         1         2
2745      6370        60      3460         1         2
2747      6370        63       862         2         1
2750      6373        95      9361         1         2
2753      6379        41       831         2         1
2754      6391        78      1757         2         1
2755      6391        96      2878         1         2
2756      6391        98      8003         2         1
2758      6391        99       116         1         2
2760      6397        39       901         2         1
2762      6397        47       211         2         1
2766      6397        62      6950         2         1
2770      6397        82       124         2         1
2772      6397        87      5612         1         2
2777      6400        58      6967         2         1
2779      6400        64       118         1         2
2781      6400        67       173         1         2
2785      6403        61      1264         2         1
2787      6403        62      8031         2         1
2794      6403        65      8732         2         1
2796      6403        66      5249         2         1
2798      6403        67      1413         1         2
2803      6403        77      4556         1         2
2805      6406        85      1035         1         2
2809      6406        87      4188         1         2
2811      6406        89      6890         1         2
2813      6406        94      8243         2         1
2816      6406        98      2473         2         1
2818      6406        98      5396         2         1
2820      6412        96      4653         2         1
2822      6418        53      5120         1         2
2824      6418        53      6943         1         2
2826      6418        56      5034         2         1
2828      6418        63      6877         2         1
2832      6418        67      1604         1         2
2834      6418        71      7222         2         1
2837      6418        79      1284         1         2
2839      6418        80      3383         1         2
2841      6418        84       294         2         1
2847      6433        42      8871         1         2
2851      6439        73      8289         2         1
2853      6439        74      4740         1         2
2855      6439        77      1855         1         2
2857      6439        80      8325         2         1
2859      6439        82       117         1         2
2860      6439        83      1202         1         2
2864      6445        52      9441         1         2
2866      6445        56      9285         2         1
2868      6445        60      3314         1         2
2870      6445        61       155         2         1
2872      6445        61      1253         2         1
2873      6454        64       815         2         1
2875      6454        74      4623         1         2
2879      6454        77      6315         2         1
2881      6454        79      4549         1         2
2883      6454        84      4020         1         2
2885      6454        85      7536         1         2
2887      6454        87       341         1         2
2889      6454        99      8066         2         1
2890      6457        38      4793         1         2
2892      6457        42      5974         1         2
2894      6475        76      6862         2         1
2895      6484       100      2917         1         2
2897      6484       100      3781         1         2
2898      6502        63       871         2         1
2902      6502        78      5962         2         1
2904      6502        79      6696         1         2
2907      6502        85      4933         2         1
2914      6514        63      1396         2         1
2916      6514        66      2053         1         2
2919      6523        75      6426         2         1
2921      6523        81      2015         1         2
2923      6523        84      2134         1         2
2925      6532        65      4704         1         2
2927      6532        66      7955         2         1
2929      6532        70      8872         1         2
2931      6532        77      1029         2         1
2933      6532        78      9782         1         2
2937      6532        95      9911         1         2
2938      6541        90      5712         2         1
2939      6541        94      1432         1         2
2943      6556        74       738         1         2
2947      6556        77      2764         1         2
2949      6556        84      6732         2         1
2951      6556        92      1901         1         2
2956      6568        56      1979         2         1
2958      6568        57      2512         1         2
2961      6607        97      9394         1         2
2963      6607        99      3897         1         2
2965      6607        99      7929         2         1
2967      6607       100      4279         2         1
2970      6619        61       247         1         2
2973      6619        69      5760         1         2
2975      6619        70      4037         2         1
2977      6619        70      8132         1         2
2979      6619        71      2833         1         2
2981      6619        73      2328         2         1
2983      6619        74      3528         1         2
2985      6619        74      6273         1         2
2987      6619        74      7711         1         2
2989      6619        79      7891         1         2
2993      6619        83      9446         2         1
2995      6619        86      4007         2         1
3001      6637        86       504         2         1
3003      6637        88      6816         2         1
3005      6637        92      2459         1         2
3007      6637        98      1073         2         1
3010      6646        64      4041         1         2
3012      6646        64      6750         1         2
3014      6646        68      9255         1         2
3016      6646        71       331         2         1
3017      6652        57      4978         1         2
3019      6652        65       770         2         1
3021      6652        65      9614         1         2
3029      6652        86      6849         2         1
3031      6652        87      2281         2         1
3034      6652        93      9868         2         1
3039      6667        62      1830         2         1
3041      6667        67      9149         2         1
3044      6673        45      2013         1         2
3047      6673        50      8912         2         1
3051      6673        53      7900         2         1
3052      6673        66       313         2         1
3054      6673        67      3021         1         2
3056      6673        68      2494         1         2
3058      6673        70      2972         2         1
3060      6673        74      9292         2         1
3062      6673        76      7634         1         2
3064      6673        79      5085         1         2
3068      6673        92      5251         2         1
3071      6685        98      2992         1         2
3074      6697        45      7441         2         1
3076      6697        69      2331         2         1
3081      6697        84       356         1         2
3085      6697        91      8477         2         1
3088      6703        42      7459         2         1
3090      6703        46      5189         1         2
3094      6703        54       420         2         1
3096      6703        55      8769         1         2
3098      6703        56      4413         1         2
3099      6703        60      7042         2         1
3101      6703        67      7997         1         2
3103      6703        73      5739         2         1
3104      6703        78      3718         1         2
3106      6703        79      3568         1         2
3108      6703        83      1433         1         2
3110      6703        86      4127         1         2
3112      6703        88      9231         2         1
3114      6703        94       186         2         1
3116      6703        97      4211         1         2
3119      6706        68      9317         1         2
3121      6706        72      4420         2         1
3123      6706        75      1302         1         2
3124      6706        75      7593         1         2
3125      6706        76      8303         2         1
3126      6706        78      8938         2         1
3127      6706        93       203         2         1
3129      6724        42      9755         2         1
3131      6724        46      6125         1         2
3136      6763        92      1487         1         2
3139      6775        40      2018         1         2
3141      6775        43      4577         2         1
3143      6775        43      9907         1         2
3145      6775        52      2538         1         2
3146      6778        70      1048         2         1
3148      6778        76      3163         1         2
3150      6784        57      1936         1         2
3152      6784        67      4355         1         2
3154      6784        72      9516         1         2
3162      6784        84      1681         2         1
3164      6784        84      8557         2         1
3166      6784        85      9530         2         1
3168      6784        87      2254         2         1
3170      6784        88      8170         1         2
3174      6784        94      3174         1         2
3176      6784        97      2415         2         1
3181      6793        93      7080         2         1
3183      6793        98      5417         2         1
3185      6793       100       326         2         1
3188      6799        60      6402         1         2
3190      6799        61      5955         1         2
3192      6799        62      3882         1         2
3197      6805        60      1078         2         1
3198      6805        65      6102         1         2
3200      6805        72      4420         2         1
3209      6835        61      3259         1         2
3211      6835        65      4813         1         2
3213      6835        72      9912         1         2
3216      6835        88      2970         1         2
3218      6835        89      6517         2         1
3220      6835        94      8723         2         1
3224      6835        96      2803         2         1
3226      6835        97      2492         2         1
3227      6838        69      5353         2         1
3229      6838        70      3557         1         2
3233      6838        86      9909         2         1
3235      6838        88      5586         1         2
3237      6838        90      1537         2         1
3238      6838        90      8301         2         1
3240      6838        91      8563         2         1
3242      6838        92      5241         2         1
3244      6838        97      8763         2         1
3245      6856        44      9210         1         2
3247      6856        46      1484         1         2
3250      6877        66      9759         2         1
3252      6877        67      4663         1         2
3258      6877        76      1845         2         1
3262      6877        80      2124         1         2
3264      6877        82      4940         2         1
3266      6877        86      7288         1         2
3267      6880        43      5395         1         2
3269      6880        45       245         2         1
3271      6880        47      9136         1         2
3274      6880        51      5501         2         1
3276      6880        54       204         1         2
3282      6880        67      9018         2         1
3284      6895        75      7075         2         1
3286      6895        78      7081         2         1
3288      6895        83      9826         1         2
3291      6895        89      1260         1         2
3293      6895        91      3964         1         2
3295      6898        58      1917         2         1
3296      6898        60      8872         1         2
3298      6898        61      8587         2         1
3300      6898        64      4752         2         1
3302      6898        68      3140         1         2
3304      6898        71      5386         1         2
3306      6898        72      4875         1         2
3310      6898        80       828         1         2
3312      6898        80      2959         2         1
3317      6922        61       807         1         2
3319      6922        62      8583         1         2
3321      6922        63      6162         2         1
3323      6922        71      5981         2         1
3325      6922        72      2724         1         2
3327      6922        76      5304         2         1
3329      6922        79       318         2         1
3331      6922        83      9083         2         1
3333      6922        88      1832         2         1
3335      6922        92      7489         1         2
3337      6922        96      5872         2         1
3339      6922        99       332         2         1
3341      6922       100       218         1         2
3347      6949        84      4789         2         1
3349      6952        55      4441         1         2
3351      6952        59       278         2         1
3353      6952        59      9052         1         2
3355      6952        61      3082         2         1
3357      6952        68      1230         2         1
3360      6952        73      1148         2         1
3362      6952        75      5711         1         2
3363      6976        89      5192         2         1
3365      6976        91      2112         2         1
3367      6976        91      3454         2         1
3369      7015        71      2371         2         1
3372      7015        74      7332         1         2
3374      7015        75       239         1         2
3376      7015        75      9180         2         1
3378      7015        82      2569         1         2
3379      7036        39      6401         2         1
3381      7042        38      7180         2         1
3383      7042        40      5830         2         1
3385      7042        41      5001         1         2
3387      7042        41      9996         1         2
3389      7042        53      5693         1         2
3391      7042        56      7200         1         2
3395      7042        66      3095         2         1
3399      7042        74      6870         2         1
