4      2803        87      2964         2         1
5      2803        88      6192         1         2
7      2818        92       880         2         1
10      2833        52      6788         1         2
15      2833        63      5516         1         2
19      2833        66      5516         2         1
21      2833        69       520         1         2
25      2833        70      9496         1         2
28      2836        40      9848         2         1
30      2836        44      1664         2         1
31      2839        73      4352         1         2
35      2857        54      5408         1         2
37      2857        59      4824         2         1
39      2857        60      3108         1         2
43      2857        68        40         1         2
47      2857        78      5716         2         1
49      2857        82      5780         1         2
51      2857        84      3704         2         1
53      2857        84      8208         1         2
55      2857        92      5608         2         1
