863088      2803
876448      2803
911268      2818
517168      2833
572428      2833
603868      2833
625628      2833
643088      2833
655628      2833
680708      2833
689508      2833
699788      2833
381440      2836
410120      2836
441960      2836
724828      2839
581708      2851
535468      2857
585488      2857
593648      2857
621948      2857
670168      2857
762628      2857
776628      2857
815968      2857
834048      2857
838668      2857
915968      2857
983588      2857
987508      2857
532408      2860
544148      2860
596268      2860
599888      2860
622648      2860
701328      2860
773208      2860
887708      2860
916648      2860
932748      2860
972348      2860
381480      2872
401280      2872
423800      2872
436220      2872
456520      2872
481668      2872
483068      2872
503948      2872
528168      2872
615808      2872
630608      2872
656068      2872
694288      2872
703728      2872
767628      2872
615828      2896
624528      2896
625428      2896
629688      2896
691808      2896
701808      2896
713768      2896
715768      2896
746928      2896
748508      2896
753768      2896
762848      2896
768148      2896
780848      2896
838028      2896
792768      2923
795768      2923
831908      2923
844148      2923
941488      2923
946008      2923
396900      2935
484988      2935
537808      2935
569948      2935
582188      2935
655028      2935
707888      2935
738728      2935
745368      2935
749768      2935
895988      2935
706848      2938
677288      2947
737168      2956
739668      2956
771208      2956
782108      2956
822128      2956
837628      2956
870508      2956
526108      2959
636088      2959
651548      2959
668368      2959
687868      2959
693328      2959
555648      2977
563828      2977
615628      2977
415100      2986
433000      2986
441680      2986
714108      2998
715588      2998
773908      2998
805408      2998
813688      2998
846748      2998
894188      2998
931128      2998
995728      2998
778768      3025
457780      3031
485468      3031
523128      3031
626468      3031
669428      3031
699128      3031
800488      3031
642128      3058
778348      3058
429140      3085
447080      3085
455160      3085
478260      3085
509488      3085
572388      3085
609888      3085
742408      3085
756448      3085
740848      3115
858448      3115
884748      3115
898388      3115
931868      3115
940208      3115
597268      3127
694548      3127
781028      3127
811588      3127
887988      3127
380580      3130
418060      3130
491128      3130
599948      3130
647828      3130
656108      3130
694328      3130
920428      3151
938648      3151
958968      3151
974368      3151
492108      3154
547008      3154
556828      3154
559348      3154
621688      3154
671148      3154
723808      3154
735228      3154
809488      3154
845328      3169
848908      3169
374700      3172
699028      3178
649808      3196
495988      3199
385760      3223
509928      3223
616408      3223
658168      3223
856928      3223
867748      3223
907728      3223
946848      3223
972368      3223
985608      3223
373260      3250
399080      3250
454040      3250
622488      3250
625668      3250
658508      3250
669848      3250
743588      3250
745248      3250
469360      3253
635608      3253
679568      3253
709128      3253
741568      3253
754288      3253
758328      3253
815748      3253
376160      3265
447820      3268
928548      3274
991308      3274
918148      3301
921368      3301
927948      3301
932328      3301
835468      3313
982028      3313
692808      3334
967568      3334
885148      3337
904348      3337
791028      3358
796628      3358
801328      3358
802528      3358
803328      3358
805728      3358
809368      3358
814728      3358
819328      3358
871448      3358
903808      3358
950348      3358
994948      3358
764648      3370
768368      3370
775688      3370
789088      3370
824548      3370
848108      3370
888768      3370
920448      3370
931708      3370
940388      3370
943908      3370
952248      3370
982028      3370
800248      3373
830908      3388
679768      3397
682808      3397
713668      3397
726248      3397
740728      3397
744428      3397
762788      3397
764468      3397
770008      3397
808948      3397
810028      3397
810848      3397
811908      3397
827148      3397
837628      3397
860228      3397
861808      3397
862908      3397
864468      3397
928208      3403
502308      3415
405280      3463
407720      3463
524268      3463
589408      3463
611828      3463
619168      3463
946848      3472
982588      3472
508408      3478
582528      3478
585468      3478
615428      3478
669048      3478
703288      3478
712268      3478
720368      3478
757508      3478
853868      3487
863568      3487
868988      3487
872428      3487
875188      3487
883928      3487
771528      3490
780248      3490
798888      3490
888228      3490
456720      3514
487568      3535
514308      3535
518248      3538
525588      3538
544948      3538
620908      3538
554028      3541
557928      3541
611308      3541
624768      3541
649188      3541
739528      3541
819088      3541
836768      3541
866828      3541
869368      3541
911848      3541
927888      3541
545948      3544
588548      3544
625228      3544
897048      3553
928248      3553
467120      3559
563488      3559
579288      3559
441040      3565
459240      3565
520068      3565
527448      3565
539268      3565
641968      3565
644448      3565
662288      3565
712808      3565
727028      3565
744768      3565
529768      3571
635528      3571
643428      3571
673188      3571
674468      3571
683188      3571
684248      3571
691548      3571
486548      3574
540968      3574
637128      3574
663268      3574
668388      3574
678008      3574
739668      3574
771228      3574
783068      3574
785948      3574
807948      3574
839648      3574
891808      3574
922448      3574
898448      3583
913568      3583
976208      3583
984008      3583
806488      3586
817048      3586
869668      3586
881648      3586
904508      3586
955468      3586
980168      3586
999308      3586
560448      3595
561988      3595
615388      3595
720848      3595
739648      3595
779228      3595
825208      3595
868448      3595
875028      3595
939428      3595
977708      3595
474400      3601
479540      3601
482648      3601
524368      3601
530968      3601
606588      3601
613068      3601
636808      3601
669948      3601
719328      3601
742488      3601
748068      3601
790728      3601
846368      3601
965768      3604
447320      3610
465200      3610
533728      3610
576668      3610
581048      3610
628008      3610
662868      3610
679348      3610
712028      3610
771548      3610
830008      3610
831868      3610
989028      3622
518628      3634
527568      3634
544628      3634
660928      3634
720848      3634
727608      3634
775868      3634
788908      3634
798148      3634
607328      3649
998248      3664
440040      3667
520208      3667
568428      3667
765228      3667
476960      3682
491928      3682
590348      3685
683888      3700
739328      3700
796888      3700
806508      3700
844548      3700
846988      3700
883448      3700
895328      3700
899788      3700
934768      3700
942788      3700
953588      3700
533368      3721
580688      3721
716348      3721
751448      3721
957688      3724
903608      3748
392100      3775
425280      3775
414140      3787
855648      3793
638368      3799
642688      3799
477960      3823
481848      3823
535548      3823
526408      3862
548728      3862
570128      3862
591948      3862
729248      3877
799708      3877
813748      3877
817388      3877
402940      3889
453560      3889
476360      3889
513248      3889
543488      3889
680148      3889
713308      3889
952008      3931
381220      3946
425020      3946
527608      3946
537828      3946
916128      3949
961848      3949
382360      3976
382760      3976
403580      3976
961548      3976
987008      3976
994928      3976
832988      3991
847288      3991
847968      3991
462380      4006
478240      4006
536208      4006
566748      4006
822068      4033
849368      4033
373180      4048
407920      4048
409900      4048
417920      4048
419900      4048
521788      4048
543508      4048
796968      4087
836848      4087
837528      4087
842008      4087
860608      4087
890728      4087
919208      4087
931128      4087
938708      4087
973888      4087
981328      4087
443780      4093
512488      4093
543508      4093
558428      4093
579488      4093
588028      4093
623348      4093
639988      4093
384060      4099
385680      4099
410120      4099
453100      4099
740508      4114
372980      4117
407300      4117
412560      4117
608068      4120
631348      4120
723588      4120
725188      4120
727548      4120
730148      4120
734008      4120
734548      4120
743568      4120
746228      4120
750148      4120
771068      4120
778088      4120
780248      4120
790688      4120
800848      4120
809868      4120
813428      4120
814868      4120
818168      4120
823408      4120
836368      4120
850368      4120
851408      4120
856668      4120
879328      4120
885928      4120
890068      4120
379300      4126
435400      4138
454380      4138
471860      4138
527708      4138
544328      4138
574388      4138
586528      4138
618788      4138
619508      4138
638468      4138
664428      4138
684848      4138
726648      4138
982388      4138
374620      4162
403040      4162
426140      4162
472220      4162
620548      4162
638848      4162
720368      4162
926588      4189
962168      4189
964808      4189
985948      4189
998488      4189
561688      4195
959448      4204
962108      4204
977608      4204
406440      4225
497248      4225
537648      4225
599248      4225
678128      4225
715468      4225
769788      4225
554508      4240
650088      4240
678028      4240
699048      4240
710748      4240
754968      4249
765208      4249
373080      4264
555408      4264
595808      4264
597628      4264
614268      4264
630028      4264
695308      4264
754188      4264
803448      4264
847148      4264
865428      4264
887468      4264
945968      4264
641168      4267
846088      4267
916948      4267
574588      4270
627268      4270
699628      4270
722568      4270
762288      4270
851308      4270
860948      4270
889188      4270
910588      4270
949868      4270
951308      4270
973688      4270
579068      4279
593408      4279
684428      4285
714568      4285
799748      4285
855168      4285
973248      4285
907668      4297
915628      4297
919368      4297
936108      4297
952868      4297
962868      4297
980108      4297
982668      4297
983348      4297
697728      4366
701068      4366
772088      4366
782148      4366
782628      4366
793928      4366
812448      4366
870908      4366
873148      4366
408960      4399
434000      4399
519808      4399
796188      4405
813288      4405
820768      4405
829728      4405
916548      4405
385260      4411
540748      4411
628408      4411
862728      4411
869828      4411
542968      4447
552568      4447
555288      4447
558408      4447
584588      4447
587548      4447
590108      4447
607328      4447
607708      4447
616188      4447
655528      4447
657148      4447
715288      4447
715588      4447
762688      4456
995128      4456
495548      4459
543608      4459
562448      4459
607108      4459
624628      4459
420720      4465
425060      4465
399080      4477
402800      4477
413100      4498
395760      4504
428700      4504
619488      4504
628268      4504
632848      4504
636708      4504
640668      4504
687508      4504
692928      4504
693448      4504
698028      4504
738668      4504
741668      4504
769408      4504
829328      4504
840648      4504
879628      4504
921848      4504
978368      4504
416540      4510
501288      4510
623748      4510
630988      4510
742628      4522
637648      4525
747608      4525
778408      4525
445580      4555
447740      4555
474980      4555
654188      4555
820468      4555
513068      4558
616048      4558
652248      4558
737688      4558
743208      4558
806608      4585
850748      4585
875028      4585
901448      4585
912128      4585
913068      4585
377780      4597
544268      4597
571148      4597
670728      4597
702668      4597
717088      4597
720968      4597
725588      4597
793628      4597
800168      4597
824908      4597
842668      4597
747248      4609
766268      4609
778408      4609
792308      4609
885908      4609
933888      4609
403020      4621
475240      4621
485448      4621
813928      4630
832128      4630
840448      4630
849928      4630
884668      4630
885608      4630
896968      4630
385940      4642
477480      4642
526268      4642
723008      4660
739428      4660
780508      4660
839828      4675
843008      4675
854628      4675
859448      4675
863468      4675
871328      4675
877448      4675
592588      4684
690368      4684
699648      4684
785528      4684
873848      4684
617548      4699
654208      4699
663988      4699
690348      4699
739168      4699
761808      4699
696608      4705
711028      4705
746308      4705
822488      4705
936088      4705
970128      4705
981148      4705
982508      4705
396080      4753
435540      4753
440420      4753
501468      4753
531928      4753
565528      4753
587248      4753
596248      4753
708828      4753
742088      4753
777528      4753
801028      4753
808408      4753
815508      4753
824468      4753
838528      4753
902988      4753
416420      4759
442220      4759
507608      4759
371960      4777
445380      4777
540188      4777
551968      4777
555448      4777
624788      4777
652148      4777
659628      4777
531208      4780
573568      4780
607148      4780
625928      4780
650988      4780
671208      4780
681988      4780
703548      4780
478200      4792
493048      4792
546468      4792
549808      4792
555088      4792
591608      4792
835388      4816
938488      4816
948748      4816
964088      4816
967408      4816
975128      4816
507428      4828
513828      4828
625928      4828
669708      4828
688968      4828
705168      4828
757068      4828
825968      4828
856248      4828
886168      4828
913008      4828
414280      4834
400120      4837
379640      4840
441960      4840
487008      4840
785028      4861
859428      4861
883928      4861
904548      4861
926448      4861
379980      4864
428760      4864
437440      4864
447740      4864
467200      4864
483828      4864
513248      4864
530848      4864
609768      4864
663708      4864
391700      4894
658488      4894
471520      4903
483288      4903
513448      4903
550228      4903
558428      4903
598028      4903
602248      4903
614748      4903
644328      4903
651908      4903
708808      4903
791568      4903
830488      4903
859028      4903
864728      4903
879848      4903
882928      4903
920828      4903
954588      4906
900368      4912
968788      4912
887528      4930
905848      4930
926188      4930
722028      4936
732468      4939
462440      4945
465020      4945
474380      4945
576708      4945
635728      4945
687708      4945
389420      4948
430320      4948
493148      4948
531228      4948
376220      4954
434200      4954
464120      4954
491008      4954
510388      4954
950488      4954
435820      4975
518408      4975
532068      4975
544028      4975
588448      4975
658668      4975
676608      4975
746348      4975
812548      4975
907948      4975
985788      4975
672648      4999
711788      4999
744288      4999
749748      4999
750968      4999
825608      4999
887928      4999
918388      4999
936988      4999
939148      4999
941428      4999
959068      4999
989168      4999
994568      4999
740128      5005
805548      5005
983068      5047
410400      5050
536468      5050
540368      5050
612788      5050
693388      5050
713468      5050
738868      5050
761128      5050
769248      5050
786148      5050
836728      5050
841428      5050
900048      5050
970788      5050
384420      5083
414880      5083
417000      5083
440800      5083
445500      5083
472180      5083
477320      5083
528708      5083
566788      5083
583088      5083
612708      5083
657488      5083
731308      5083
735268      5083
748108      5083
752268      5083
755368      5083
762868      5083
847788      5083
890528      5083
419260      5089
488068      5089
508288      5089
592128      5089
594968      5089
650188      5089
727908      5104
734728      5104
736308      5104
790848      5104
802948      5104
842788      5149
846428      5149
878568      5149
970868      5152
983028      5152
412180      5158
432140      5158
478260      5158
764308      5167
864928      5200
877948      5200
793248      5212
813628      5212
817568      5212
818228      5212
823668      5212
846348      5212
857108      5212
862668      5212
950668      5212
964548      5212
853708      5254
624768      5257
783488      5260
815128      5260
400140      5272
419660      5272
434720      5272
504868      5272
552708      5272
599608      5272
639208      5272
650068      5272
387400      5275
445220      5275
569768      5275
670648      5275
694088      5275
732788      5275
790908      5275
412460      5278
464060      5278
375380      5281
378100      5281
408200      5281
844448      5281
904668      5281
590448      5296
605568      5296
592128      5299
939568      5311
945568      5311
539408      5329
703328      5368
740568      5371
746708      5371
769028      5371
778928      5371
800088      5371
800988      5371
801948      5371
607568      5374
918468      5380
965668      5380
403500      5413
513588      5413
463660      5419
493288      5419
510628      5419
809228      5419
824228      5419
839488      5419
852148      5419
904368      5419
918468      5419
959168      5419
985728      5419
384860      5440
700908      5443
723888      5443
748748      5443
913428      5443
384020      5446
386840      5446
402260      5446
413280      5446
474260      5446
566228      5446
691528      5446
677888      5467
690028      5467
719968      5467
735348      5467
740928      5467
447820      5530
449080      5530
459580      5530
580668      5560
641508      5560
728068      5560
851868      5560
885708      5560
970688      5560
407660      5590
408980      5590
505688      5590
540328      5590
632688      5590
711608      5590
742148      5590
748388      5590
779108      5590
784708      5590
796308      5590
380480      5617
459580      5617
479640      5617
506128      5617
565808      5617
986908      5632
989968      5632
377880      5638
492168      5638
607428      5638
620148      5638
668248      5638
793248      5638
808548      5638
831888      5638
720688      5644
727588      5644
767168      5644
583128      5668
584188      5668
588148      5668
616748      5668
659428      5668
694808      5668
718208      5668
733388      5668
749428      5668
775688      5668
802288      5668
844728      5668
862528      5668
960048      5668
963868      5668
971968      5668
459060      5701
504648      5701
506928      5701
519068      5701
529088      5701
530428      5701
543988      5701
550848      5701
558008      5701
563128      5701
643468      5701
655828      5701
470180      5707
494508      5707
514168      5707
554708      5707
568208      5707
608268      5707
627508      5707
659848      5707
708068      5707
792328      5707
806768      5707
881648      5707
892068      5707
996328      5707
490948      5743
512828      5743
532488      5743
548688      5743
596708      5743
848668      5758
863668      5758
889288      5758
918328      5758
975848      5758
981608      5758
992748      5758
823648      5776
831828      5776
389660      5785
431560      5785
447340      5785
483688      5785
547208      5785
550128      5785
582748      5785
605748      5785
647468      5785
656688      5785
660188      5785
851908      5785
867708      5785
414140      5788
427700      5788
696568      5818
740868      5818
815788      5818
837328      5818
855108      5818
881748      5818
909828      5818
917968      5818
463820      5821
587148      5821
387080      5830
798248      5833
810188      5833
875708      5833
817248      5848
956008      5848
971408      5848
841708      5884
874728      5884
879128      5884
983028      5884
746688      5887
770428      5887
784128      5887
835348      5887
841568      5887
913088      5887
933768      5887
943528      5887
955648      5887
706708      5890
391080      5893
423700      5893
448740      5893
465480      5893
532388      5893
632588      5893
646988      5893
660288      5893
686328      5893
693968      5893
699128      5893
734568      5893
748228      5893
755168      5893
763328      5893
765508      5893
772248      5893
783108      5902
986128      5944
997408      5944
391640      5950
406440      5950
522848      5950
599268      5950
628108      5950
630888      5950
635148      5950
653168      5950
654568      5950
658408      5950
678448      5950
715108      5950
784808      5950
846148      5950
421160      5956
457940      5956
506888      5956
512148      5956
732048      5980
781128      5980
807288      5980
866128      5980
909708      5980
995568      5989
494968      6025
516928      6025
669848      6025
717668      6025
382420      6034
398800      6034
400140      6034
424680      6034
463840      6034
476960      6034
492208      6034
511768      6034
535748      6034
561628      6034
634968      6034
798788      6043
829748      6043
842288      6043
848308      6043
882968      6043
900968      6043
957768      6043
992628      6043
391840      6049
438840      6049
569268      6049
603628      6049
654548      6049
676208      6049
696348      6049
705448      6049
714628      6049
721548      6049
776268      6049
871788      6049
396300      6055
408100      6055
370660      6064
448780      6064
907268      6091
954268      6091
991648      6091
422500      6112
647748      6112
712068      6112
764528      6112
809088      6112
826268      6112
870248      6112
932028      6112
371180      6115
412940      6115
491988      6115
503088      6115
529488      6115
540608      6115
552988      6115
626548      6115
655988      6115
687648      6115
934488      6136
956788      6136
973028      6136
494508      6145
404360      6151
422700      6151
429920      6151
557688      6151
678508      6151
421300      6154
491368      6154
512868      6154
539148      6154
543788      6154
578708      6154
606828      6154
621688      6154
632548      6154
634928      6154
643028      6154
652568      6154
669688      6154
713768      6154
905268      6154
587788      6163
615108      6163
635208      6163
655188      6163
556368      6187
606688      6187
635028      6187
715108      6187
742748      6187
778748      6187
844628      6187
881688      6187
917608      6187
939048      6208
941828      6208
959888      6208
966168      6208
997368      6208
393300      6211
477640      6211
548168      6211
555088      6211
573828      6211
646628      6211
669408      6211
700588      6211
744948      6211
745908      6211
794248      6211
398360      6238
423460      6238
476440      6238
606008      6238
656348      6238
681508      6238
724208      6238
730528      6238
731528      6238
736808      6238
739208      6238
773268      6238
797808      6238
812688      6238
818928      6238
838948      6238
400540      6241
407580      6241
425840      6241
484148      6241
560508      6241
608468      6241
468900      6244
606468      6244
649048      6244
650508      6244
661748      6244
671988      6244
694268      6244
738488      6244
926608      6250
972208      6253
975888      6253
981348      6253
985068      6253
811988      6274
828568      6274
843648      6274
934008      6274
439080      6292
500388      6292
505848      6292
507048      6292
508648      6292
623868      6292
484188      6328
582068      6331
583988      6331
587428      6331
591208      6331
599448      6331
627908      6331
630628      6331
638068      6331
648868      6331
660368      6331
672468      6331
680388      6331
680968      6331
698588      6331
766548      6331
778388      6331
846468      6331
918548      6331
954008      6331
973008      6331
977108      6331
980388      6331
981428      6331
987108      6331
999308      6331
866988      6358
561528      6370
593828      6370
621028      6370
949508      6373
411260      6379
772288      6391
952948      6391
979408      6391
980388      6391
391060      6397
470360      6397
558048      6397
617188      6397
686468      6397
810328      6397
865708      6397
912048      6397
577248      6400
630228      6400
660368      6400
673988      6400
601628      6403
618108      6403
627688      6403
645728      6403
647848      6403
648868      6403
656188      6403
661748      6403
689308      6403
745888      6403
764668      6403
841468      6406
847388      6406
864428      6406
887208      6406
938648      6406
944148      6406
972728      6406
975508      6406
955168      6412
525488      6418
527788      6418
555248      6418
627188      6418
659668      6418
662568      6418
707468      6418
773188      6418
781448      6418
793448      6418
830568      6418
880308      6418
949468      6418
965088      6424
429440      6433
524028      6433
726148      6439
728488      6439
734848      6439
761948      6439
798548      6439
810428      6439
821268      6439
823408      6439
519768      6445
559388      6445
593648      6445
600648      6445
601428      6445
630948      6454
734968      6454
745788      6454
766628      6454
784908      6454
834128      6454
847628      6454
860528      6454
988368      6454
384840      6457
426760      6457
727208      6475
757168      6475
993148      6484
994088      6484
621068      6502
776208      6502
787048      6502
818628      6502
845128      6502
896468      6502
977648      6502
381400      6514
622548      6514
652148      6514
724128      6514
746508      6523
802428      6523
832328      6523
645048      6532
658108      6532
698968      6532
761208      6532
780008      6532
818048      6532
950308      6532
896048      6541
931768      6541
689428      6556
730848      6556
748728      6556
762888      6556
836988      6556
912548      6556
943768      6556
986888      6556
552268      6568
562608      6568
612428      6577
970028      6607
974268      6607
984128      6607
988268      6607
994368      6607
600528      6619
685888      6619
694108      6619
699188      6619
703008      6619
722848      6619
733828      6619
736588      6619
737888      6619
788408      6619
809328      6619
829808      6619
854328      6619
910188      6619
812408      6637
829868      6637
850648      6637
877108      6637
912668      6637
971148      6637
634388      6646
637088      6646
679448      6646
700428      6646
565128      6652
640928      6652
649688      6652
706688      6652
755608      6652
784668      6652
857468      6652
862408      6652
897388      6652
930188      6652
945588      6652
977108      6652
613228      6667
669488      6667
748848      6667
452140      6673
499128      6673
502088      6673
527988      6673
650488      6673
663228      6673
672568      6673
693108      6673
739548      6673
757708      6673
785708      6673
896388      6673
915588      6673
973508      6685
457700      6697
505948      6697
683608      6697
781948      6697
830688      6697
849408      6697
908748      6697
427500      6703
465220      6703
485448      6703
530548      6703
548928      6703
554768      6703
597208      6703
668088      6703
726168      6703
773948      6703
783788      6703
821928      6703
854428      6703
879388      6703
930588      6703
964568      6703
976288      6703
679508      6706
714488      6706
741448      6706
748048      6706
758388      6706
779028      6706
921188      6706
429780      6724
466180      6724
371300      6751
786828      6763
852168      6763
911628      6763
402040      6775
434820      6775
440060      6775
512748      6775
691188      6778
753548      6778
562328      6784
664468      6784
719888      6784
723088      6784
748708      6784
830068      6784
831748      6784
838648      6784
849748      6784
862528      6784
878688      6784
928208      6784
933268      6784
962568      6784
409940      6790
920788      6793
927288      6793
976088      6793
990448      6793
998448      6793
596508      6799
606048      6799
614048      6799
496988      6802
508308      6802
591168      6805
646248      6805
714508      6805
915848      6817
918288      6817
920708      6817
603608      6835
644988      6835
720108      6835
873348      6835
886668      6835
939068      6835
946068      6835
952908      6835
962628      6835
685608      6838
693728      6838
792468      6838
860068      6838
876028      6838
891888      6838
898828      6838
908668      6838
915408      6838
968868      6838
449600      6856
461520      6856
468600      6856
660008      6877
664788      6877
670408      6877
709188      6877
747928      6877
752188      6877
754628      6877
792228      6877
815008      6877
857488      6877
435480      6880
450300      6880
458520      6880
479280      6880
505668      6880
530348      6880
563128      6880
630288      6880
669088      6880
747548      6895
777568      6895
829968      6895
833448      6895
881588      6895
904228      6895
572268      6898
598988      6898
608688      6898
635068      6898
673388      6898
705508      6898
714948      6898
749708      6898
790888      6898
793088      6898
799088      6898
596828      6922
601108      6922
618828      6922
626228      6922
706288      6922
713028      6922
755728      6922
780688      6922
829688      6922
872168      6922
917788      6922
956048      6922
980428      6922
990708      6922
396060      6931
465380      6931
834908      6949
544968      6952
580568      6952
589448      6952
603148      6952
671388      6952
721548      6952
745828      6952
885288      6976
902548      6976
903448      6976
907468      6976
702788      7015
737408      7015
740508      7015
750108      7015
804748      7015
812788      7015
396480      7036
387400      7042
405900      7042
415120      7042
420060      7042
525788      7042
557388      7042
620748      7042
653288      7042
695888      7042
737168      7042
758288      7042
764728      7042
777528      7042
390660      7045
429120      7045
444200      7045
451460      7045
501988      7045
604088      7045
960588      7054
964668      7054
879248      7066
900008      7066
576588      7075
586948      7075
591408      7075
595908      7075
627708      7075
640088      7075
644508      7075
673708      7075
712068      7075
742528      7075
756148      7075
767628      7075
790228      7075
837548      7075
870828      7075
883408      7075
988048      7075
633348      7105
651268      7105
703688      7108
896968      7108
382000      7117
464260      7117
539708      7117
589248      7126
671888      7126
966288      7147
984208      7147
855768      7171
508748      7183
518108      7183
624888      7183
750328      7183
814268      7183
816348      7183
835188      7183
839468      7183
849348      7183
588288      7207
593028      7207
589188      7213
642548      7213
844048      7216
881508      7216
901788      7216
919588      7216
923028      7216
926928      7216
952948      7216
961428      7216
488088      7222
737888      7231
504408      7249
622648      7249
684008      7249
685488      7249
695288      7249
710568      7249
719488      7249
862908      7255
864508      7255
875428      7255
883068      7255
898448      7255
924828      7255
932768      7255
943268      7255
975808      7255
388920      7273
429900      7273
481888      7273
489708      7273
521208      7273
608588      7273
703368      7273
749688      7273
759148      7273
771188      7273
841948      7273
861788      7273
886268      7273
895708      7273
374540      7318
460280      7318
474840      7318
611908      7318
616868      7318
651428      7318
663088      7318
868428      7318
891548      7318
988308      7318
407580      7327
487628      7327
554968      7327
647448      7327
744868      7327
747428      7327
793828      7327
802328      7327
804108      7327
824988      7327
920628      7327
424260      7330
371140      7333
387060      7333
457160      7333
518128      7333
591048      7333
829268      7372
372120      7381
377060      7381
474500      7381
536428      7381
538148      7381
544888      7381
381100      7399
391880      7399
420300      7399
423540      7399
435500      7399
437020      7399
564548      7399
565508      7399
576448      7399
590468      7399
414820      7405
477620      7405
497248      7405
539728      7405
546448      7405
607208      7405
686228      7405
803228      7405
861488      7405
902788      7405
980168      7405
991308      7405
414220      7411
430920      7411
464700      7411
641308      7411
674568      7411
676808      7411
907768      7411
912608      7411
492128      7414
521688      7414
538028      7414
583608      7414
586088      7414
616428      7414
632788      7414
634708      7414
646828      7414
707468      7414
763908      7414
765708      7414
772748      7414
786388      7414
817828      7414
837468      7414
855408      7414
553068      7438
566248      7438
583968      7438
585488      7438
586348      7438
587528      7438
596768      7438
597268      7438
627368      7438
689028      7438
732988      7438
749408      7438
795308      7438
815468      7438
982108      7438
984248      7438
375940      7441
885048      7447
887888      7447
552928      7462
627268      7462
707208      7462
739168      7462
767888      7462
849548      7462
942528      7462
382360      7465
390460      7465
403760      7465
412400      7465
434140      7465
463580      7465
919648      7492
937388      7492
373560      7510
399740      7510
417660      7510
447260      7510
459040      7510
530608      7510
578928      7510
648248      7510
683608      7510
708788      7510
562268      7513
562768      7513
571248      7513
600748      7513
818328      7513
931008      7513
956408      7513
676868      7522
377060      7543
393060      7543
400760      7543
401300      7543
428900      7543
434560      7543
435400      7543
445320      7543
449880      7543
451740      7543
459080      7543
488348      7543
496288      7543
505948      7543
744588      7543
764828      7543
776268      7543
786108      7543
391500      7549
399860      7549
427000      7549
440340      7549
441300      7549
461840      7549
492068      7549
541808      7549
567228      7549
585368      7549
596808      7549
635808      7549
643528      7549
688768      7549
676968      7567
743568      7567
793428      7567
797848      7567
809768      7567
813228      7567
813528      7567
843488      7567
846428      7567
989948      7567
985968      7582
780748      7588
851548      7588
881348      7588
881728      7588
926888      7588
946608      7588
951288      7588
976248      7588
989268      7588
992228      7588
998208      7588
500848      7618
563728      7618
583208      7618
585588      7618
586928      7618
587568      7618
713508      7618
771508      7618
798248      7618
847688      7624
848368      7624
854348      7624
926828      7624
967308      7624
977628      7624
979888      7624
428300      7633
512968      7633
896508      7651
398060      7660
519628      7660
548508      7660
618348      7660
714468      7660
729728      7660
806328      7660
824368      7660
844208      7660
964828      7660
976928      7660
577028      7663
609768      7663
626568      7663
771868      7663
797968      7663
926788      7663
936908      7663
938228      7663
955928      7663
966548      7663
982708      7663
864228      7696
953988      7696
491508      7711
507588      7711
549168      7711
900388      7714
776768      7738
781308      7738
782688      7738
787608      7738
792828      7738
801708      7738
820768      7738
839728      7738
869548      7738
900088      7738
822828      7747
824688      7747
829988      7747
833348      7747
840728      7747
903928      7747
940828      7747
941628      7747
946808      7747
949968      7747
988148      7747
997568      7747
932588      7816
944988      7816
386240      7819
400280      7819
405500      7819
375700      7828
437140      7828
484448      7828
492188      7828
497428      7828
499108      7828
518828      7828
534788      7828
536228      7828
547308      7828
551788      7828
565788      7828
591288      7828
600428      7828
601848      7828
615748      7828
616948      7828
622648      7828
625868      7828
661628      7828
686408      7828
688128      7828
706548      7828
765248      7828
814288      7843
823528      7843
844388      7843
845368      7843
855948      7843
861168      7843
878728      7843
919968      7843
926628      7843
992528      7843
378340      7849
379840      7849
497748      7849
549528      7849
553728      7861
890348      7861
896288      7861
954688      7867
994648      7867
997968      7867
999008      7867
679128      7885
686688      7885
698008      7885
700228      7885
728388      7885
739368      7885
754328      7885
763548      7885
783728      7885
802548      7885
878048      7885
878508      7885
886808      7885
943688      7885
946628      7885
976528      7885
987988      7885
697068      7897
722828      7897
760788      7897
815268      7897
607808      7912
645028      7945
668248      7945
678808      7945
697788      7945
726648      7945
741348      7945
758668      7945
771728      7945
968408      7960
418720      7975
648148      7975
400480      8002
465520      8002
507548      8002
536408      8002
583228      8002
587528      8002
590028      8002
624328      8002
640688      8002
664048      8002
735528      8002
790888      8002
412840      8011
433740      8011
370660      8014
472700      8014
584708      8014
610768      8014
542608      8035
543108      8035
575508      8035
734708      8038
788548      8038
403420      8041
450920      8041
470420      8041
502668      8056
748368      8071
756728      8071
796028      8071
825748      8071
849588      8071
893688      8071
919888      8071
926608      8071
930068      8071
932008      8071
939108      8071
960188      8071
967588      8071
751548      8077
765368      8077
774368      8077
778808      8077
785208      8077
990968      8083
995588      8083
999248      8083
377060      8086
387280      8086
408640      8086
408220      8095
734588      8107
778868      8107
799208      8107
827568      8107
914368      8107
942748      8107
964388      8107
755088      8116
409640      8137
468600      8137
494968      8137
502128      8137
521108      8137
565008      8137
583088      8137
588668      8137
594208      8137
401480      8140
409060      8140
671228      8146
682688      8146
687208      8146
744508      8146
773388      8146
785788      8146
887748      8146
917228      8146
932168      8146
766968      8155
851728      8155
867788      8155
884428      8155
920208      8155
921128      8155
946628      8155
989388      8158
997368      8158
494068      8170
497808      8170
517708      8170
524068      8170
558508      8170
706688      8185
762908      8185
389800      8224
472940      8224
575388      8224
646868      8224
689868      8224
695988      8224
699928      8224
939768      8248
945108      8248
955868      8248
967248      8248
564108      8257
575768      8257
584668      8257
493168      8275
880188      8281
897208      8281
929748      8281
958488      8281
961688      8281
981768      8281
992348      8281
497228      8287
545968      8287
378880      8290
399900      8290
486348      8290
502648      8290
512088      8290
520048      8290
592568      8290
637408      8290
612448      8335
709828      8335
493308      8338
494308      8338
544728      8338
584588      8338
585908      8338
683048      8338
435880      8347
456940      8347
936248      8347
949408      8347
492808      8353
514528      8353
529768      8353
543128      8353
429700      8359
666968      8371
670088      8371
835468      8389
896008      8389
929868      8389
410120      8392
429160      8392
496948      8392
504288      8392
525848      8392
434100      8395
524128      8395
532968      8395
619268      8395
666008      8395
691368      8395
716088      8395
744908      8395
770648      8395
790528      8395
791468      8395
795768      8395
797708      8395
971428      8395
972948      8395
533468      8407
593168      8407
866748      8416
952428      8416
458760      8419
462520      8419
548148      8419
557288      8419
419460      8443
631448      8467
717028      8467
770688      8467
830788      8467
847028      8467
863268      8467
869188      8467
943868      8467
964568      8467
380240      8488
386660      8488
391660      8488
400400      8488
444640      8488
462120      8488
487128      8488
556348      8488
639788      8488
665968      8488
698728      8488
700888      8488
706188      8488
724428      8506
375440      8512
406460      8512
519848      8512
524288      8512
634688      8512
685508      8512
722588      8512
374280      8515
380800      8515
437860      8515
457040      8515
480648      8515
489808      8515
502168      8515
597688      8515
622588      8515
652048      8515
694948      8515
852748      8515
908368      8515
919388      8515
434500      8536
494588      8536
541008      8536
566448      8536
621988      8536
626748      8536
762608      8536
629448      8539
657448      8539
660008      8539
677168      8539
736588      8539
741368      8539
824508      8539
838288      8539
895068      8539
924068      8539
933868      8539
945148      8539
946188      8539
948088      8539
980388      8539
985948      8539
685448      8545
730248      8545
745928      8545
769228      8545
774568      8545
779688      8545
835188      8545
851128      8545
950108      8545
486748      8548
976208      8554
404920      8575
408780      8575
652188      8575
453340      8581
460720      8581
741708      8602
374380      8620
394680      8620
406820      8620
415580      8620
462820      8620
518208      8620
628128      8620
651128      8620
696028      8620
722788      8620
457500      8623
469080      8623
504068      8623
521708      8623
524688      8623
550008      8623
583768      8623
636728      8623
697888      8623
743028      8623
508908      8650
517008      8650
522628      8650
550308      8650
625548      8650
659528      8650
733428      8662
524828      8686
590188      8686
758188      8701
480208      8704
583528      8704
639148      8704
643388      8704
646648      8704
658048      8704
668788      8704
670048      8707
732148      8707
752788      8707
789648      8707
807208      8707
810108      8707
816988      8707
843348      8707
880028      8707
926868      8707
928688      8707
972968      8707
986248      8707
987548      8707
993228      8707
453700      8722
489648      8722
566348      8722
637508      8722
479640      8725
490808      8725
491748      8725
492628      8725
511688      8725
519668      8725
557988      8725
445100      8749
662108      8752
665548      8752
669348      8752
672088      8752
674468      8752
678108      8752
758708      8752
823928      8752
826488      8752
934228      8752
953248      8752
968808      8752
994848      8752
445780      8791
504888      8791
520128      8791
558548      8791
792628      8806
940168      8806
977828      8806
598408      8821
630228      8821
640948      8821
672748      8821
690528      8821
766868      8821
842808      8821
854928      8821
865568      8821
906928      8821
969268      8821
812888      8824
920968      8824
925328      8824
984628      8824
426680      8830
454280      8830
523828      8830
715188      8833
405140      8836
447900      8836
473740      8836
477660      8836
540408      8836
544968      8836
585488      8836
586868      8839
621708      8839
439520      8848
518048      8848
524768      8848
