700988      2800
820068      2803
860368      2803
901708      2818
641288      2821
516648      2833
577768      2833
604948      2833
627028      2833
653828      2833
661668      2833
681348      2833
692308      2833
381900      2836
440660      2836
727548      2839
512588      2857
578228      2857
593088      2857
602348      2857
667748      2857
670588      2857
773128      2857
780208      2857
826748      2857
837888      2857
842188      2857
930748      2857
946288      2857
985488      2857
987608      2857
532988      2860
573428      2860
598328      2860
609708      2860
660728      2860
715628      2860
808388      2860
889408      2860
921148      2860
971008      2860
381840      2872
407020      2872
435240      2872
436700      2872
476320      2872
482908      2872
502468      2872
504828      2872
588348      2872
626248      2872
636408      2872
690348      2872
695768      2872
743548      2872
607548      2896
622848      2896
624768      2896
625508      2896
661628      2896
694148      2896
713248      2896
715168      2896
720148      2896
747168      2896
748888      2896
759268      2896
767988      2896
775088      2896
782988      2896
795588      2923
830768      2923
832408      2923
866668      2923
944908      2923
382680      2935
453860      2935
486148      2935
581028      2935
602588      2935
692048      2935
726288      2935
739828      2935
748908      2935
892928      2935
992788      2935
708088      2938
677968      2947
739088      2956
742448      2956
775428      2956
813948      2956
825708      2956
835248      2956
613468      2959
637848      2959
652368      2959
677888      2959
688908      2959
767088      2959
786788      2959
815128      2959
833148      2959
864568      2959
542528      2977
560328      2977
563248      2977
582728      2977
408340      2986
419700      2986
436400      2986
441820      2986
734968      2998
799608      2998
811828      2998
829188      2998
872688      2998
915708      2998
977868      2998
996608      2998
809848      3025
477060      3031
522928      3031
537528      3031
625988      3031
645268      3031
671928      3031
732968      3031
801328      3031
685988      3058
446680      3085
450340      3085
473960      3085
496668      3085
546348      3085
607488      3085
734968      3085
740348      3115
884608      3115
889428      3115
920148      3115
937828      3115
949128      3115
670688      3127
717448      3127
764468      3127
799268      3127
865308      3127
379420      3130
412100      3130
427300      3130
599508      3130
622588      3130
638688      3130
652188      3130
660088      3130
931828      3151
939888      3151
960308      3151
545588      3154
555608      3154
559048      3154
618808      3154
651448      3154
701108      3154
726328      3154
773868      3154
810608      3154
848528      3169
850008      3169
405140      3172
697748      3178
648548      3196
498048      3199
512448      3199
999388      3202
413220      3223
494788      3223
601588      3223
617968      3223
792328      3223
860588      3223
881068      3223
920708      3223
972128      3223
398380      3250
450500      3250
580988      3250
625328      3250
628328      3250
659988      3250
694868      3250
744708      3250
467700      3253
561408      3253
671848      3253
701528      3253
709788      3253
750128      3253
757928      3253
800808      3253
816608      3253
435800      3265
925028      3274
928788      3274
370900      3277
908588      3301
920728      3301
926508      3301
931088      3301
834288      3313
993988      3313
591648      3322
