0              0
             80             10
            160            133
            240            340
            320            485
            400            548
            480            638
            560            638
            640            708
            720            602
            800            651
            880            653
            960            702
           1040            644
           1120            608
           1200            593
           1280            532
           1360            550
           1440            478
           1520            466
           1600            469
           1680            453
           1760            418
           1840            387
           1920            383
           2000            385
           2080            319
           2160            317
           2240            306
           2320            270
           2400            281
           2480            237
           2560            231
           2640            220
           2720            179
           2800            172
           2880            165
           2960            163
           3040            162
           3120            149
           3200            137
           3280            138
           3360            130
           3440            144
           3520            106
           3600            109
           3680             97
           3760            105
           3840            103
           3920             83
           4000             79
           4080             62
           4160             82
           4240             78
           4320             79
           4400             78
           4480             69
           4560             64
           4640             52
           4720             45
           4800             53
           4880             45
           4960             47
           5040             38
           5120             56
           5200             33
           5280             34
           5360             32
           5440             39
           5520             36
           5600             32
           5680             29
           5760             26
           5840             24
           5920             22
           6000             24
           6080             21
           6160             27
           6240             21
           6320             19
           6400             23
           6480             22
           6560             20
           6640             22
           6720             18
           6800             22
           6880             14
           6960             12
           7040             21
           7120             12
           7200             12
           7280              9
           7360             11
           7440             11
           7520             11
           7600             11
           7680              6
           7760              7
           7840              7
           7920             14
           8000              5
           8080             16
           8160              6
           8240              7
           8320              7
           8400             10
           8480             12
           8560              6
           8640              7
           8720              6
           8800              6
           8880              8
           8960              9
           9040              6
           9120              5
           9200              8
           9280              4
           9360              6
           9440              3
           9520              5
           9600              5
           9680              3
           9760              2
           9840              3
           9920              3
          10000              9
          10080              7
          10160              5
          10240              2
          10320              6
          10400              1
          10480              5
          10560              3
          10640              8
          10720              2
          10800              4
          10880              1
          10960              0
          11040              4
          11120              4
          11200              3
          11280              2
          11360              4
          11440              1
          11520              2
          11600              0
          11680              1
          11760              3
          11840              4
          11920              4
          12000              3
          12080              1
          12160              2
          12240              2
          12320              0
          12400              1
          12480              2
          12560              1
          12640              5
          12720              3
          12800              3
          12880              5
          12960              1
          13040              2
          13120              3
          13200              1
          13280              4
          13360              1
          13440              1
          13520              1
          13600              0
          13680              0
          13760              2
          13840              1
          13920              0
          14000              1
          14080              0
          14160              2
          14240              0
          14320              2
          14400              0
          14480              0
          14560              0
          14640              4
          14720              2
          14800              2
          14880              2
          14960              1
          15040              1
          15120              2
          15200              2
          15280              0
          15360              1
          15440              0
          15520              1
          15600              0
          15680              2
          15760              1
          15840              1
          15920              1
          16000              1
          16080              2
          16160              2
          16240              2
          16320              1
          16400              0
          16480              0
          16560              2
          16640              1
          16720              2
          16800              0
          16880              0
          16960              1
          17040              1
          17120              0
          17200              2
          17280              1
          17360              2
          17440              1
          17520              0
          17600              0
          17680              2
          17760              0
          17840              0
          17920              2
          18000              0
          18080              0
          18160              1
          18240              0
          18320              1
          18400              0
          18480              0
          18560              0
          18640              0
          18720              2
          18800              0
          18880              0
          18960              1
          19040              2
          19120              0
          19200              0
          19280              0
          19360              1
          19440              0
          19520              0
          19600              0
          19680              0
          19760              0
          19840              1
          19920              0
          20000              1
          20080              0
          20160              0
          20240              1
          20320              0
          20400              0
          20480              0
          20560              0
          20640              0
          20720              0
          20800              0
          20880              0
          20960              1
          21040              1
          21120              1
          21200              1
          21280              0
          21360              1
          21440              0
          21520              0
          21600              1
          21680              2
          21760              0
          21840              0
          21920              2
          22000              1
          22080              0
          22160              0
          22240              0
          22320              0
          22400              1
          22480              0
          22560              0
          22640              1
          22720              0
          22800              0
          22880              0
          22960              0
          23040              0
          23120              0
          23200              0
          23280              1
          23360              0
          23440              0
          23520              0
          23600              0
          23680              0
          23760              0
          23840              1
          23920              0
          24000              0
          24080              0
          24160              0
          24240              1
          24320              0
          24400              0
          24480              1
          24560              0
          24640              1
          24720              0
          24800              0
          24880              0
          24960              0
          25040              0
          25120              0
          25200              0
          25280              1
          25360              0
          25440              0
          25520              0
          25600              0
          25680              0
          25760              0
          25840              0
          25920              0
          26000              0
          26080              0
          26160              0
          26240              1
          26320              0
          26400              0
          26480              2
          26560              0
          26640              0
          26720              1
          26800              0
          26880              0
          26960              0
          27040              0
          27120              0
          27200              0
          27280              0
          27360              0
          27440              0
          27520              0
          27600              0
          27680              0
          27760              0
          27840              0
          27920              0
          28000              0
          28080              1
          28160              0
          28240              0
          28320              0
          28400              0
          28480              0
          28560              0
          28640              0
          28720              0
          28800              1
          28880              0
          28960              0
          29040              0
          29120              0
          29200              0
          29280              0
          29360              0
          29440              0
          29520              0
          29600              0
          29680              0
          29760              0
          29840              0
          29920              0
          30000              0
          30080              0
          30160              0
          30240              0
          30320              0
          30400              0
          30480              0
          30560              0
          30640              0
          30720              0
          30800              0
          30880              0
          30960              0
          31040              0
          31120              0
          31200              0
          31280              0
          31360              0
          31440              0
          31520              0
          31600              0
          31680              0
          31760              0
          31840              0
          31920              0
          32000              0
          32080              0
          32160              0
          32240              0
          32320              0
          32400              0
          32480              0
          32560              0
          32640              0
          32720              0
          32800              0
          32880              0
          32960              0
          33040              0
          33120              0
          33200              0
          33280              1
          33360              0
          33440              0
          33520              0
          33600              0
          33680              0
          33760              0
          33840              0
          33920              0
          34000              0
          34080              0
          34160              0
          34240              0
          34320              1
          34400              0
          34480              0
          34560              0
          34640              0
          34720              0
          34800              0
          34880              0
          34960              0
          35040              0
          35120              0
          35200              0
          35280              0
          35360              0
          35440              0
          35520              0
          35600              0
          35680              0
          35760              0
          35840              0
          35920              0
          36000              0
          36080              0
          36160              0
          36240              0
          36320              0
          36400              0
          36480              0
          36560              0
          36640              0
          36720              0
          36800              0
          36880              0
          36960              0
          37040              0
          37120              0
          37200              0
          37280              0
          37360              0
          37440              0
          37520              0
          37600              0
          37680              0
          37760              0
          37840              0
          37920              0
          38000              0
          38080              0
          38160              0
          38240              0
          38320              0
          38400              0
          38480              0
          38560              0
          38640              0
          38720              0
          38800              0
          38880              0
          38960              0
          39040              0
          39120              0
          39200              0
          39280              0
          39360              0
          39440              0
          39520              0
          39600              0
          39680              0
          39760              0
          39840              0
          39920              0
          40000              0
          40080              0
          40160              0
          40240              0
          40320              0
          40400              0
          40480              0
          40560              0
          40640              0
          40720              0
          40800              0
          40880              0
          40960              0
          41040              0
          41120              0
          41200              0
          41280              0
          41360              0
          41440              0
          41520              0
          41600              0
          41680              0
          41760              0
          41840              0
          41920              0
          42000              0
          42080              0
          42160              0
          42240              0
          42320              0
          42400              0
          42480              0
          42560              0
          42640              0
          42720              0
          42800              0
          42880              0
          42960              0
          43040              0
          43120              1
          43200              0
          43280              0
          43360              0
          43440              0
          43520              0
          43600              0
          43680              0
          43760              0
          43840              0
          43920              0
          44000              0
          44080              0
          44160              0
          44240              0
          44320              0
          44400              0
          44480              0
          44560              0
          44640              0
          44720              0
          44800              0
          44880              0
          44960              0
          45040              0
          45120              0
          45200              0
          45280              0
          45360              0
          45440              0
          45520              0
          45600              0
          45680              0
          45760              0
          45840              0
          45920              0
          46000              0
          46080              0
          46160              0
          46240              0
          46320              0
          46400              0
          46480              0
          46560              0
          46640              0
          46720              0
          46800              0
          46880              0
          46960              0
          47040              0
          47120              0
          47200              0
          47280              0
          47360              0
          47440              0
          47520              0
          47600              0
          47680              0
          47760              0
          47840              0
          47920              1
          48000              0
          48080              0
          48160              0
          48240              0
          48320              0
          48400              0
          48480              0
          48560              0
          48640              0
          48720              0
          48800              0
          48880              0
          48960              0
          49040              0
          49120              0
          49200              0
          49280              0
          49360              0
          49440              0
          49520              0
          49600              0
          49680              0
          49760              0
          49840              0
          49920              0
          50000              0
          50080              0
          50160              0
          50240              0
          50320              0
          50400              0
          50480              0
          50560              0
          50640              0
          50720              0
          50800              0
          50880              0
          50960              0
          51040              0
          51120              0
          51200              0
          51280              0
          51360              0
          51440              0
          51520              0
          51600              0
          51680              0
          51760              0
          51840              0
          51920              0
          52000              0
          52080              0
          52160              0
          52240              0
          52320              0
          52400              0
          52480              0
          52560              0
          52640              0
          52720              0
          52800              0
          52880              0
          52960              0
          53040              0
          53120              0
          53200              0
          53280              0
          53360              0
          53440              0
          53520              0
          53600              0
          53680              0
          53760              0
          53840              0
          53920              0
          54000              0
          54080              0
          54160              0
          54240              0
          54320              0
          54400              0
          54480              0
          54560              0
          54640              0
          54720              0
          54800              0
          54880              0
          54960              0
          55040              0
          55120              0
          55200              0
          55280              0
          55360              0
          55440              0
          55520              0
          55600              0
          55680              0
          55760              0
          55840              0
          55920              0
          56000              0
          56080              0
          56160              0
          56240              0
          56320              0
          56400              0
          56480              0
          56560              0
          56640              0
          56720              0
          56800              0
          56880              0
          56960              0
          57040              0
          57120              0
          57200              0
          57280              0
          57360              0
          57440              0
          57520              0
          57600              0
          57680              0
          57760              0
          57840              0
          57920              0
          58000              0
          58080              0
          58160              0
          58240              0
          58320              0
          58400              0
          58480              0
          58560              0
          58640              0
          58720              0
          58800              0
          58880              0
          58960              0
          59040              0
          59120              0
          59200              0
          59280              0
          59360              0
          59440              0
          59520              0
          59600              0
          59680              0
          59760              0
          59840              0
          59920              0
          60000              0
          60080              0
          60160              0
          60240              0
          60320              0
          60400              0
          60480              0
          60560              0
          60640              0
          60720              0
          60800              0
          60880              0
          60960              0
          61040              0
          61120              0
          61200              0
          61280              0
          61360              0
          61440              0
          61520              0
          61600              0
          61680              0
          61760              0
          61840              0
          61920              0
          62000              0
          62080              0
          62160              0
          62240              0
          62320              0
          62400              0
          62480              0
          62560              0
          62640              0
          62720              0
          62800              0
          62880              0
          62960              0
          63040              0
          63120              0
          63200              0
          63280              0
          63360              0
          63440              0
          63520              0
          63600              0
          63680              0
          63760              0
          63840              0
          63920              0
          64000              1
          64080              0
          64160              0
          64240              0
          64320              0
          64400              0
          64480              0
          64560              0
          64640              0
          64720              0
          64800              0
          64880              0
          64960              0
          65040              0
          65120              0
          65200              0
          65280              0
          65360              0
          65440              0
          65520              0
          65600              0
          65680              0
          65760              0
          65840              0
          65920              0
          66000              0
          66080              0
          66160              0
          66240              0
          66320              0
          66400              0
          66480              0
          66560              0
          66640              0
          66720              0
          66800              0
          66880              0
          66960              0
          67040              0
          67120              0
          67200              0
          67280              0
          67360              0
          67440              0
          67520              0
          67600              0
          67680              0
          67760              0
          67840              0
          67920              0
          68000              0
          68080              0
          68160              0
          68240              0
          68320              0
          68400              0
          68480              0
          68560              0
          68640              0
          68720              0
          68800              0
          68880              0
          68960              0
          69040              0
          69120              0
          69200              0
          69280              0
          69360              0
          69440              0
          69520              0
          69600              0
          69680              0
          69760              0
          69840              0
          69920              0
          70000              0
          70080              0
          70160              0
          70240              0
          70320              0
          70400              0
          70480              0
          70560              0
          70640              0
          70720              0
          70800              0
          70880              0
          70960              0
          71040              0
          71120              0
          71200              0
          71280              0
          71360              0
          71440              0
          71520              0
          71600              0
          71680              0
          71760              0
          71840              0
          71920              0
          72000              0
          72080              0
          72160              0
          72240              0
          72320              0
          72400              0
          72480              0
          72560              0
          72640              0
          72720              0
          72800              0
          72880              0
          72960              0
          73040              0
          73120              0
          73200              0
          73280              0
          73360              0
          73440              0
          73520              0
          73600              0
          73680              0
          73760              0
          73840              0
          73920              0
          74000              0
          74080              0
          74160              0
          74240              0
          74320              0
          74400              0
          74480              0
          74560              0
          74640              0
          74720              0
          74800              0
          74880              0
          74960              0
          75040              0
          75120              0
          75200              0
          75280              0
          75360              0
          75440              0
          75520              0
          75600              0
          75680              0
          75760              0
          75840              0
          75920              0
          76000              0
          76080              0
          76160              0
          76240              0
          76320              0
          76400              0
          76480              0
          76560              0
          76640              0
          76720              0
          76800              0
          76880              0
          76960              0
          77040              0
          77120              0
          77200              0
          77280              0
          77360              0
          77440              0
          77520              0
          77600              0
          77680              0
          77760              0
          77840              0
          77920              0
          78000              0
          78080              0
          78160              0
          78240              0
          78320              0
          78400              0
          78480              0
          78560              0
          78640              0
          78720              0
          78800              0
          78880              0
          78960              0
          79040              0
          79120              0
          79200              0
          79280              0
          79360              0
          79440              0
          79520              0
          79600              0
          79680              0
          79760              0
          79840              0
          79920              0
          80000              0
          80080              0
          80160              0
          80240              0
          80320              0
          80400              0
          80480              0
          80560              0
          80640              0
          80720              0
          80800              0
          80880              0
          80960              0
          81040              0
          81120              0
          81200              0
          81280              0
          81360              0
          81440              0
          81520              0
          81600              0
          81680              0
          81760              0
          81840              0
          81920              0
          82000              0
          82080              0
          82160              0
          82240              0
          82320              0
          82400              0
          82480              0
          82560              0
          82640              0
          82720              0
          82800              0
          82880              0
          82960              0
          83040              0
          83120              0
          83200              0
          83280              0
          83360              0
          83440              0
          83520              0
          83600              0
          83680              0
          83760              0
          83840              0
          83920              0
          84000              0
          84080              0
          84160              0
          84240              0
          84320              0
          84400              0
          84480              0
          84560              0
          84640              0
          84720              0
          84800              0
          84880              0
          84960              0
          85040              0
          85120              0
          85200              0
          85280              0
          85360              0
          85440              0
          85520              0
          85600              0
          85680              0
          85760              0
          85840              0
          85920              0
          86000              0
          86080              0
          86160              0
          86240              0
          86320              0
          86400              0
          86480              0
          86560              0
          86640              0
          86720              0
          86800              0
          86880              0
          86960              0
          87040              0
          87120              0
          87200              0
          87280              0
          87360              0
          87440              0
          87520              0
          87600              0
          87680              0
          87760              0
          87840              0
          87920              0
          88000              0
          88080              0
          88160              0
          88240              0
          88320              0
          88400              0
          88480              0
          88560              0
          88640              0
          88720              0
          88800              0
          88880              0
          88960              0
          89040              0
          89120              0
          89200              0
          89280              0
          89360              0
          89440              0
          89520              0
          89600              0
          89680              0
          89760              0
          89840              0
          89920              0
          90000              0
          90080              0
          90160              0
          90240              0
          90320              0
          90400              0
          90480              0
          90560              0
          90640              0
          90720              0
          90800              0
          90880              0
          90960              0
          91040              0
          91120              0
          91200              0
          91280              0
          91360              0
          91440              0
          91520              0
          91600              0
          91680              0
          91760              0
          91840              0
          91920              0
          92000              0
          92080              0
          92160              0
          92240              0
          92320              0
          92400              0
          92480              0
          92560              0
          92640              0
          92720              0
          92800              0
          92880              0
          92960              0
          93040              0
          93120              0
          93200              0
          93280              0
          93360              0
          93440              0
          93520              0
          93600              0
          93680              0
          93760              0
          93840              0
          93920              0
          94000              0
          94080              0
          94160              0
          94240              0
          94320              0
          94400              0
          94480              0
          94560              0
          94640              0
          94720              0
          94800              0
          94880              0
          94960              0
          95040              0
          95120              0
          95200              0
          95280              0
          95360              0
          95440              0
          95520              0
          95600              0
          95680              0
          95760              0
          95840              0
          95920              0
          96000              0
          96080              0
          96160              0
          96240              0
          96320              0
          96400              0
          96480              0
          96560              0
          96640              0
          96720              0
          96800              0
          96880              0
          96960              0
          97040              0
          97120              0
          97200              0
          97280              0
          97360              0
          97440              0
          97520              0
          97600              0
          97680              0
          97760              0
          97840              0
          97920              0
          98000              0
          98080              0
          98160              0
          98240              0
          98320              0
          98400              0
          98480              0
          98560              0
          98640              0
          98720              0
          98800              0
          98880              0
          98960              0
          99040              0
          99120              0
          99200              0
          99280              0
          99360              0
          99440              0
          99520              0
          99600              0
          99680              0
          99760              0
          99840              0
          99920              0
         100000              0
         100080              0
         100160              0
         100240              0
         100320              0
         100400              0
         100480              0
         100560              0
         100640              0
         100720              0
         100800              0
         100880              0
         100960              0
         101040              0
         101120              0
         101200              0
         101280              0
         101360              0
         101440              0
         101520              0
         101600              0
         101680              0
         101760              0
         101840              0
         101920              0
         102000              0
         102080              0
         102160              0
         102240              0
         102320              0
         102400              0
         102480              0
         102560              0
         102640              0
         102720              0
         102800              0
         102880              0
         102960              0
         103040              0
         103120              0
         103200              0
         103280              0
         103360              0
         103440              0
         103520              0
         103600              0
         103680              0
         103760              0
         103840              0
         103920              0
         104000              0
         104080              0
         104160              0
         104240              0
         104320              0
         104400              0
         104480              0
         104560              0
         104640              0
         104720              0
         104800              0
         104880              0
         104960              0
         105040              0
         105120              0
         105200              0
         105280              0
         105360              0
         105440              0
         105520              0
         105600              0
         105680              0
         105760              0
         105840              0
         105920              0
         106000              0
         106080              0
         106160              0
         106240              0
         106320              0
         106400              0
         106480              0
         106560              0
         106640              0
         106720              0
         106800              0
         106880              0
         106960              0
         107040              0
         107120              0
         107200              0
         107280              0
         107360              0
         107440              0
         107520              0
         107600              0
         107680              0
         107760              0
         107840              0
         107920              0
         108000              0
         108080              0
         108160              0
         108240              0
         108320              0
         108400              0
         108480              0
         108560              0
         108640              0
         108720              0
         108800              0
         108880              0
         108960              0
         109040              0
         109120              0
         109200              0
         109280              0
         109360              0
         109440              0
         109520              0
         109600              0
         109680              0
         109760              0
         109840              0
         109920              0
         110000              0
         110080              0
         110160              0
         110240              0
         110320              0
         110400              0
         110480              0
         110560              0
         110640              0
         110720              0
         110800              0
         110880              0
         110960              0
         111040              0
         111120              0
         111200              0
         111280              0
         111360              0
         111440              0
         111520              0
         111600              0
         111680              0
         111760              0
         111840              0
         111920              0
         112000              0
         112080              0
         112160              0
         112240              0
         112320              0
         112400              0
         112480              0
         112560              0
         112640              0
         112720              0
         112800              0
         112880              0
         112960              0
         113040              0
         113120              0
         113200              0
         113280              0
         113360              0
         113440              0
         113520              0
         113600              0
         113680              0
         113760              0
         113840              0
         113920              0
         114000              0
         114080              0
         114160              0
         114240              0
         114320              0
         114400              0
         114480              0
         114560              0
         114640              0
         114720              0
         114800              0
         114880              0
         114960              0
         115040              0
         115120              0
         115200              0
         115280              0
         115360              0
         115440              0
         115520              0
         115600              0
         115680              0
         115760              0
         115840              0
         115920              0
         116000              0
         116080              0
         116160              0
         116240              0
         116320              0
         116400              0
         116480              0
         116560              0
         116640              0
         116720              0
         116800              0
         116880              0
         116960              0
         117040              0
         117120              0
         117200              0
         117280              0
         117360              0
         117440              0
         117520              0
         117600              0
         117680              0
         117760              0
         117840              0
         117920              0
         118000              0
         118080              0
         118160              0
         118240              0
         118320              0
         118400              0
         118480              0
         118560              0
         118640              0
         118720              0
         118800              0
         118880              0
         118960              0
         119040              0
         119120              0
         119200              0
         119280              0
         119360              0
         119440              0
         119520              0
         119600              0
         119680              0
         119760              0
         119840              0
         119920              0
         120000              0
         120080              0
         120160              0
         120240              0
         120320              0
         120400              0
         120480              0
         120560              0
         120640              0
         120720              0
         120800              0
         120880              0
         120960              0
         121040              0
         121120              0
         121200              0
         121280              0
         121360              0
         121440              0
         121520              0
         121600              0
         121680              0
         121760              0
         121840              0
         121920              0
         122000              0
         122080              0
         122160              0
         122240              0
         122320              0
         122400              0
         122480              0
         122560              0
         122640              0
         122720              0
         122800              0
         122880              0
         122960              0
         123040              0
         123120              0
         123200              0
         123280              0
         123360              0
         123440              0
         123520              0
         123600              0
         123680              0
         123760              0
         123840              0
         123920              0
         124000              0
         124080              0
         124160              0
         124240              0
         124320              0
         124400              0
         124480              0
         124560              0
         124640              0
         124720              0
         124800              0
         124880              0
         124960              0
         125040              0
         125120              0
         125200              0
         125280              0
         125360              0
         125440              0
         125520              0
         125600              0
         125680              0
         125760              0
         125840              0
         125920              0
         126000              0
         126080              0
         126160              0
         126240              0
         126320              0
         126400              0
         126480              0
         126560              0
         126640              0
         126720              0
         126800              0
         126880              0
         126960              0
         127040              0
         127120              0
         127200              0
         127280              0
         127360              0
         127440              0
         127520              0
         127600              0
         127680              0
         127760              0
         127840              0
         127920              0
         128000              0
         128080              0
         128160              0
         128240              0
         128320              0
         128400              0
         128480              0
         128560              0
         128640              0
         128720              0
         128800              0
         128880              0
         128960              0
         129040              0
         129120              0
         129200              0
         129280              0
         129360              0
         129440              0
         129520              0
         129600              0
         129680              0
         129760              0
         129840              0
         129920              0
         130000              0
         130080              0
         130160              0
         130240              0
         130320              0
         130400              0
         130480              0
         130560              0
         130640              0
         130720              0
         130800              0
         130880              0
         130960              0
         131040              0
         131120              0
         131200              0
         131280              0
         131360              0
         131440              0
         131520              0
         131600              0
         131680              0
         131760              0
         131840              0
         131920              0
         132000              0
         132080              0
         132160              0
         132240              0
         132320              0
         132400              0
         132480              0
         132560              0
         132640              0
         132720              0
         132800              0
         132880              0
         132960              0
         133040              0
         133120              0
         133200              0
         133280              0
         133360              0
         133440              0
         133520              0
         133600              0
         133680              0
         133760              0
         133840              0
         133920              0
         134000              0
         134080              0
         134160              0
         134240              0
         134320              0
         134400              0
         134480              0
         134560              0
         134640              0
         134720              0
         134800              0
         134880              0
         134960              0
         135040              0
         135120              0
         135200              0
         135280              0
         135360              0
         135440              0
         135520              0
         135600              0
         135680              0
         135760              0
         135840              0
         135920              0
         136000              0
         136080              0
         136160              0
         136240              0
         136320              0
         136400              0
         136480              0
         136560              0
         136640              0
         136720              0
         136800              0
         136880              0
         136960              0
         137040              0
         137120              0
         137200              0
         137280              0
         137360              0
         137440              0
         137520              0
         137600              0
         137680              0
         137760              0
         137840              0
         137920              0
         138000              0
         138080              0
         138160              0
         138240              0
         138320              0
         138400              0
         138480              0
         138560              0
         138640              0
         138720              0
         138800              0
         138880              0
         138960              0
         139040              0
         139120              0
         139200              0
         139280              0
         139360              0
         139440              0
         139520              0
         139600              0
         139680              0
         139760              0
         139840              0
         139920              0
         140000              0
         140080              0
         140160              0
         140240              0
         140320              0
         140400              0
         140480              0
         140560              0
         140640              0
         140720              0
         140800              0
         140880              0
         140960              0
         141040              0
         141120              0
         141200              0
         141280              0
         141360              0
         141440              0
         141520              0
         141600              0
         141680              0
         141760              0
         141840              0
         141920              0
         142000              0
         142080              0
         142160              0
         142240              0
         142320              0
         142400              0
         142480              0
         142560              0
         142640              0
         142720              0
         142800              0
         142880              0
         142960              0
         143040              0
         143120              0
         143200              0
         143280              0
         143360              0
         143440              0
         143520              0
         143600              0
         143680              0
         143760              0
         143840              0
         143920              0
         144000              0
         144080              0
         144160              0
         144240              0
         144320              0
         144400              0
         144480              0
         144560              0
         144640              0
         144720              0
         144800              0
         144880              0
         144960              0
         145040              0
         145120              0
         145200              0
         145280              0
         145360              0
         145440              0
         145520              0
         145600              0
         145680              0
         145760              0
         145840              0
         145920              0
         146000              0
         146080              0
         146160              0
         146240              0
         146320              0
         146400              0
         146480              0
         146560              0
         146640              0
         146720              0
         146800              0
         146880              0
         146960              0
         147040              0
         147120              0
         147200              0
         147280              0
         147360              0
         147440              0
         147520              0
         147600              0
         147680              0
         147760              0
         147840              0
         147920              0
         148000              0
         148080              0
         148160              0
         148240              0
         148320              0
         148400              0
         148480              0
         148560              0
         148640              0
         148720              0
         148800              0
         148880              0
         148960              0
         149040              0
         149120              0
         149200              0
         149280              0
         149360              0
         149440              0
         149520              0
         149600              0
         149680              0
         149760              0
         149840              0
         149920              0
         150000              0
         150080              0
         150160              0
         150240              0
         150320              0
         150400              0
         150480              0
         150560              0
         150640              0
         150720              0
         150800              0
         150880              0
         150960              0
         151040              0
         151120              0
         151200              0
         151280              0
         151360              0
         151440              0
         151520              0
         151600              0
         151680              0
         151760              0
         151840              0
         151920              0
         152000              0
         152080              0
         152160              0
         152240              0
         152320              0
         152400              0
         152480              0
         152560              0
         152640              0
         152720              0
         152800              0
         152880              0
         152960              0
         153040              0
         153120              0
         153200              0
         153280              0
         153360              0
         153440              0
         153520              0
         153600              0
         153680              0
         153760              0
         153840              0
         153920              0
         154000              0
         154080              0
         154160              0
         154240              0
         154320              0
         154400              0
         154480              0
         154560              0
         154640              0
         154720              0
         154800              0
         154880              0
         154960              0
         155040              0
         155120              0
         155200              0
         155280              0
         155360              0
         155440              0
         155520              0
         155600              0
         155680              0
         155760              0
         155840              0
         155920              0
         156000              0
         156080              0
         156160              0
         156240              0
         156320              0
         156400              0
         156480              0
         156560              0
         156640              0
         156720              0
         156800              0
         156880              0
         156960              0
         157040              0
         157120              0
         157200              0
         157280              0
         157360              0
         157440              0
         157520              0
         157600              0
         157680              0
         157760              0
         157840              0
         157920              0
         158000              0
         158080              0
         158160              0
         158240              0
         158320              0
         158400              0
         158480              0
         158560              0
         158640              0
         158720              0
         158800              0
         158880              0
         158960              0
         159040              0
         159120              0
         159200              0
         159280              0
         159360              0
         159440              0
         159520              0
         159600              0
         159680              0
         159760              0
         159840              0
         159920              0
