2800    700888    700988        -1
2803    819608    820068        -1
2803    859688    860368        -1
2803    862848    863088         1
2803    876148    876448         1
2818    901308    901708        -1
2818    910908    911268         1
2821    640948    641288        -1
2833    516328    516648        -1
2833    516728    517168         1
2833    571048    572428         1
2833    576748    577768        -1
2833    603768    603868         1
2833    604728    604948        -1
2833    625528    625628         1
2833    626148    627028        -1
2833    643008    643088         1
2833    653688    653828        -1
2833    655428    655628         1
2833    661308    661668        -1
2833    680528    680708         1
2833    680768    681348        -1
2833    689408    689508         1
2833    692168    692308        -1
2833    699388    699788         1
2836    381200    381440         1
2836    381680    381900        -1
2836    409800    410120         1
2836    440400    440660        -1
2836    441520    441960         1
2839    724368    724828         1
2839    726648    727548        -1
2851    581528    581708         1
2857    512068    512588        -1
2857    535408    535468         1
2857    577268    578228        -1
2857    584648    585488         1
2857    592908    593088        -1
2857    593128    593648         1
2857    601648    602348        -1
2857    621428    621948         1
2857    667208    667748        -1
2857    669988    670168         1
2857    670208    670588        -1
2857    762328    762628         1
2857    772628    773128        -1
2857    775568    776628         1
2857    779728    780208        -1
2857    815728    815968         1
2857    826508    826748        -1
2857    833468    834048         1
2857    837448    837888        -1
2857    837988    838668         1
2857    841848    842188        -1
2857    915608    915968         1
2857    930248    930748        -1
2857    945728    946288        -1
2857    983448    983588         1
2857    985228    985488        -1
2857    985648    987508         1
2857    987548    987608        -1
2860    532268    532408         1
2860    532568    532988        -1
2860    543028    544148         1
2860    573308    573428        -1
2860    595668    596268         1
2860    597688    598328        -1
2860    599408    599888         1
2860    608408    609708        -1
2860    622488    622648         1
2860    660388    660728        -1
2860    699948    701328         1
2860    714848    715628        -1
2860    772768    773208         1
2860    807968    808388        -1
2860    887608    887708         1
2860    888468    889408        -1
2860    916248    916648         1
2860    919828    921148        -1
2860    932628    932748         1
2860    970488    971008        -1
2860    971848    972348         1
2872    381120    381480         1
2872    381580    381840        -1
2872    401140    401280         1
2872    406540    407020        -1
2872    423660    423800         1
2872    434360    435240        -1
2872    435640    436220         1
2872    436260    436700        -1
2872    456140    456520         1
2872    475820    476320        -1
2872    481268    481668         1
2872    482828    482908        -1
2872    482988    483068         1
2872    502308    502468        -1
2872    503828    503948         1
2872    504088    504828        -1
2872    527788    528168         1
2872    588068    588348        -1
2872    615148    615808         1
2872    625528    626248        -1
2872    630088    630608         1
2872    635568    636408        -1
2872    655628    656068         1
2872    690268    690348        -1
2872    694028    694288         1
2872    695128    695768        -1
2872    703568    703728         1
2872    742948    743548        -1
2872    767228    767628         1
2896    606868    607548        -1
2896    615528    615828         1
2896    622708    622848        -1
2896    624008    624528         1
2896    624568    624768        -1
2896    624888    625428         1
2896    625488    625508        -1
2896    629288    629688         1
2896    661088    661628        -1
2896    691108    691808         1
2896    693828    694148        -1
2896    701368    701808         1
2896    711968    713248        -1
2896    713288    713768         1
2896    714448    715168        -1
2896    715348    715768         1
2896    719768    720148        -1
2896    746468    746928         1
2896    746968    747168        -1
2896    748288    748508         1
2896    748788    748888        -1
2896    753208    753768         1
2896    758768    759268        -1
2896    761868    762848         1
2896    767668    767988        -1
2896    768048    768148         1
2896    774808    775088        -1
2896    780548    780848         1
2896    782808    782988        -1
2896    837648    838028         1
2923    792468    792768         1
2923    795328    795588        -1
2923    795648    795768         1
2923    830548    830768        -1
2923    831428    831908         1
2923    831948    832408        -1
2923    843948    844148         1
2923    866328    866668        -1
2923    941188    941488         1
2923    943808    944908        -1
2923    944988    946008         1
2935    381780    382680        -1
2935    396120    396900         1
2935    453680    453860        -1
2935    484428    484988         1
2935    485948    486148        -1
2935    537628    537808         1
2935    569508    569948         1
2935    579988    581028        -1
2935    582088    582188         1
2935    602468    602588        -1
2935    654808    655028         1
2935    691508    692048        -1
2935    707748    707888         1
2935    725928    726288        -1
2935    737868    738728         1
2935    738768    739828        -1
2935    745308    745368         1
2935    748808    748908        -1
2935    749508    749768         1
2935    892148    892928        -1
2935    895408    895988         1
2935    992528    992788        -1
2938    704648    706848         1
2938    707408    708088        -1
2947    676168    677288         1
2947    677688    677968        -1
2956    736508    737168         1
2956    738948    739088        -1
2956    739308    739668         1
2956    741848    742448        -1
2956    770628    771208         1
2956    775188    775428        -1
2956    780868    782108         1
2956    813308    813948        -1
2956    821928    822128         1
2956    825488    825708        -1
2956    833308    835248        -1
2956    837168    837628         1
2956    864348    870508         1
2959    525888    526108         1
2959    613408    613468        -1
2959    635128    636088         1
2959    637548    637848        -1
2959    651468    651548         1
2959    652248    652368        -1
2959    668228    668368         1
2959    677808    677888        -1
2959    687628    687868         1
2959    688428    688908        -1
2959    692828    693328         1
2959    766528    767088        -1
2959    786208    786788        -1
2959    814768    815128        -1
2959    832568    833148        -1
2959    863788    864568        -1
2977    542128    542528        -1
2977    555288    555648         1
2977    560168    560328        -1
2977    562168    563248        -1
2977    563288    563828         1
2977    582368    582728        -1
2977    615428    615628         1
2986    408160    408340        -1
2986    415020    415100         1
2986    419620    419700        -1
2986    432220    433000         1
2986    435360    436400        -1
2986    441540    441680         1
2986    441720    441820        -1
2998    713548    714108         1
2998    715008    715588         1
2998    734688    734968        -1
2998    773608    773908         1
2998    798908    799608        -1
2998    804908    805408         1
2998    810548    811828        -1
2998    813328    813688         1
2998    828268    829188        -1
2998    846328    846748         1
2998    872168    872688        -1
2998    894048    894188         1
2998    915508    915708        -1
2998    930788    931128         1
2998    977228    977868        -1
2998    995568    995728         1
2998    995808    996608        -1
3025    778608    778768         1
3025    809668    809848        -1
3031    457380    457780         1
3031    476760    477060        -1
3031    485188    485468         1
3031    522568    522928        -1
3031    523048    523128         1
3031    536488    537528        -1
3031    625868    625988        -1
3031    626268    626468         1
3031    644968    645268        -1
3031    669028    669428         1
3031    671568    671928        -1
3031    698988    699128         1
3031    732548    732968        -1
3031    800408    800488         1
3031    800568    801328        -1
3058    641888    642128         1
3058    685568    685988        -1
3058    777848    778348         1
3085    428960    429140         1
3085    446560    446680        -1
3085    446920    447080         1
3085    450180    450340        -1
3085    454960    455160         1
3085    473540    473960        -1
3085    478240    478260         1
3085    496088    496668        -1
3085    509208    509488         1
3085    545908    546348        -1
3085    572088    572388         1
3085    607348    607488        -1
3085    609668    609888         1
3085    734448    734968        -1
3085    742188    742408         1
3085    755488    756448         1
3115    740008    740348        -1
3115    740748    740848         1
3115    857908    858448         1
3115    884148    884608        -1
3115    884648    884748         1
3115    889228    889428        -1
3115    898288    898388         1
3115    919868    920148        -1
3115    931768    931868         1
3115    937688    937828        -1
3115    939908    940208         1
3115    948848    949128        -1
3127    597008    597268         1
3127    670588    670688        -1
3127    694228    694548         1
3127    717288    717448        -1
3127    763988    764468        -1
3127    780808    781028         1
3127    799028    799268        -1
3127    811148    811588         1
3127    864828    865308        -1
3127    887768    887988         1
3130    378480    379420        -1
3130    380140    380580         1
3130    411360    412100        -1
3130    417840    418060         1
3130    426640    427300        -1
3130    490248    491128         1
3130    598788    599508        -1
3130    599648    599948         1
3130    622368    622588        -1
3130    637848    638688        -1
3130    647448    647828         1
3130    652028    652188        -1
3130    655828    656108         1
3130    657808    660088        -1
3130    694188    694328         1
3151    920288    920428         1
3151    931568    931828        -1
3151    937728    938648         1
3151    939588    939888        -1
3151    958548    958968         1
3151    959948    960308        -1
3151    972828    974368         1
3154    491868    492108         1
3154    544828    545588        -1
3154    546228    547008         1
3154    555468    555608        -1
3154    556788    556828         1
3154    558768    559048        -1
3154    559088    559348         1
3154    618448    618808        -1
3154    621488    621688         1
3154    650988    651448        -1
3154    670448    671148         1
3154    700908    701108        -1
3154    723608    723808         1
3154    725088    726328        -1
3154    734648    735228         1
3154    773388    773868        -1
3154    809068    809488         1
3154    810188    810608        -1
3169    844888    845328         1
3169    847368    848528        -1
3169    848608    848908         1
3169    849588    850008        -1
3172    374240    374700         1
3172    404320    405140        -1
3178    697528    697748        -1
3178    698848    699028         1
3196    647588    648548        -1
3196    649588    649808         1
3199    495688    495988         1
3199    496088    498048        -1
3199    512008    512448        -1
3202    998908    999388        -1
3223    385340    385760         1
3223    412780    413220        -1
3223    494528    494788        -1
3223    509268    509928         1
3223    601228    601588        -1
3223    615888    616408         1
3223    617888    617968        -1
3223    657988    658168         1
3223    791928    792328        -1
3223    856428    856928         1
3223    860228    860588        -1
3223    866848    867748         1
3223    880248    881068        -1
3223    906728    907728         1
3223    920488    920708        -1
3223    945588    946848         1
3223    972028    972128        -1
3223    972168    972368         1
3223    985408    985608         1
3250    373100    373260         1
3250    398260    398380        -1
3250    398820    399080         1
3250    450260    450500        -1
3250    453600    454040         1
3250    580448    580988        -1
3250    622268    622488         1
3250    624568    625328        -1
3250    625488    625668         1
3250    628248    628328        -1
3250    658188    658508         1
3250    659668    659988        -1
3250    669148    669848         1
3250    694728    694868        -1
3250    743208    743588         1
3250    744128    744708        -1
3250    744928    745248         1
3253    467320    467700        -1
3253    469160    469360         1
3253    561308    561408        -1
3253    633388    635608         1
3253    671648    671848        -1
3253    678988    679568         1
3253    701308    701528        -1
3253    708708    709128         1
3253    709188    709788        -1
3253    740968    741568         1
3253    749948    750128        -1
3253    754208    754288         1
3253    757748    757928        -1
3253    758008    758328         1
3253    800648    800808        -1
3253    815668    815748         1
3253    816048    816608        -1
3265    374920    376160         1
3265    435300    435800        -1
3268    447300    447820         1
3274    924348    925028        -1
3274    927888    928548         1
3274    928728    928788        -1
3274    991188    991308         1
3277    370760    370900        -1
3301    904348    908588        -1
3301    916688    918148         1
3301    920108    920728        -1
3301    921168    921368         1
3301    926428    926508        -1
3301    927268    927948         1
3301    929108    931088        -1
3301    931128    932328         1
3313    833988    834288        -1
3313    835348    835468         1
3313    981768    982028         1
3313    993688    993988        -1
3322    591588    591648        -1
