11.2711         0
11.3009         0
11.3308         0
11.3606         0
11.3905         0
11.4203         0
11.4501         0
11.48         0
11.5098         0
11.5397         0
11.5695         0
11.5994         0
11.6292         0
11.659         0
11.6889         0
11.7187         0
11.7486         0
11.7784         0
11.8083         0
11.8381         0
11.868         0
11.8978         0
11.9276         0
11.9575         0
11.9873         0
12.0172         0
12.047         0
12.0769         0
12.1067         0
12.1366         0
12.1664         0
12.1962         0
12.2261         0
12.2559         0
12.2858         0
12.3156         0
12.3455         0
12.3753         0
12.4051         0
12.435         0
12.4648         0
12.4947         0
12.5245         0
12.5544         0
12.5842         0
12.6141         0
12.6439         0
12.6737         0
12.7036         0
12.7334         0
12.7633         0
12.7931         0
12.823         0
12.8528         0
12.8826         0
12.9125         0
12.9423         0
12.9722         0
13.002         0
13.0319         0
13.0617         0
13.0916         0
13.1214         0
13.1512         0
13.1811         0
13.2109         0
13.2408         0
13.2706         0
13.3005         0
13.3303         0
13.3601         0
13.39         0
13.4198         0
13.4497         0
13.4795         0
13.5094         0
13.5392         0
13.5691         0
13.5989         0
13.6287         0
13.6586         1
13.6884         0
13.7183         0
13.7481         0
13.778         0
13.8078         0
13.8377         0
13.8675         0
13.8973         1
13.9272         0
13.957         0
13.9869         0
14.0167         0
14.0466         0
14.0764         0
14.1062         0
14.1361         0
14.1659         0
14.1958         0
14.2256         0
14.2555         0
14.2853         1
14.3152         0
14.345         0
14.3748         0
14.4047         0
14.4345         0
14.4644         0
14.4942         0
14.5241         0
14.5539         2
14.5837         0
14.6136         0
14.6434         1
14.6733         0
14.7031         0
14.733         0
14.7628         1
14.7927         2
14.8225         0
14.8523         0
14.8822         0
14.912         0
14.9419         0
14.9717         0
15.0016         0
15.0314         0
15.0613         0
15.0911         0
15.1209         0
15.1508         0
15.1806         0
15.2105         1
15.2403         0
15.2702         0
15.3       236
15.3298       547
15.3597       770
15.3895       882
15.4194       991
15.4492      1051
15.4791      1062
15.5089      1274
15.5388      1211
15.5686      1392
15.5984      1361
15.6283      1422
15.6581      1414
15.688      1495
15.7178      1574
15.7477      1539
15.7775      1536
15.8073      1547
15.8372      1482
15.867      1476
15.8969      1489
15.9267      1460
15.9566      1507
15.9864      1554
16.0163      1632
16.0461      1617
16.0759      1574
16.1058      1551
16.1356      1593
16.1655      1567
16.1953      1505
16.2252      1564
16.255      1559
16.2849      1406
16.3147      1499
16.3445      1395
16.3744      1348
16.4042      1417
16.4341      1375
16.4639      1378
16.4938      1351
16.5236      1298
16.5534      1230
16.5833      1199
16.6131      1116
16.643      1059
16.6728      1043
16.7027       957
16.7325       734
16.7624       591
16.7922       251
16.822         0
16.8519         0
16.8817         0
16.9116         0
16.9414         0
16.9713         0
17.0011         0
17.0309         0
17.0608         0
17.0906         0
17.1205         0
17.1503         0
17.1802         0
17.21         0
17.2399         0
17.2697         1
17.2995         0
17.3294         0
17.3592         0
17.3891         0
17.4189         1
17.4488         0
17.4786         0
17.5085         0
17.5383         2
17.5681         1
17.598         0
17.6278         0
17.6577         0
17.6875         0
17.7174         0
17.7472         0
17.777         0
17.8069         0
17.8367         0
17.8666         0
17.8964         0
17.9263         0
17.9561         0
17.986         0
18.0158         0
18.0456         0
18.0755         0
18.1053         0
18.1352         0
18.165         0
18.1949         0
18.2247         0
18.2545         0
18.2844         0
18.3142         0
18.3441         0
18.3739         0
18.4038         0
18.4336         0
18.4635         0
18.4933         0
18.5231         0
18.553         0
18.5828         0
18.6127         0
18.6425         0
18.6724         0
18.7022         0
18.732         0
18.7619         0
18.7917         0
18.8216         0
18.8514         0
18.8813         0
18.9111         0
18.941         0
18.9708         0
19.0006         0
19.0305         0
19.0603         0
19.0902         0
19.12         0
19.1499         0
19.1797         0
19.2096         0
19.2394         0
19.2692         0
19.2991         0
19.3289         0
19.3588         0
19.3886         0
19.4185         0
19.4483         0
19.4781         0
19.508         0
19.5378         0
19.5677         0
19.5975         0
19.6274         0
19.6572         0
19.6871         0
19.7169         0
19.7467         0
19.7766         0
19.8064         0
19.8363         0
19.8661         0
19.896         0
19.9258         0
19.9556         0
19.9855         0
20.0153         0
20.0452         0
20.075         0
20.1049         0
20.1347         0
20.1646         0
20.1944         0
20.2242         0
20.2541         0
20.2839         0
20.3138         0
20.3436         0
20.3735         0
20.4033         0
20.4332         0
20.463         0
20.4928         0
20.5227         0
20.5525         0
20.5824         0
20.6122         0
20.6421         0
20.6719         0
20.7017         0
20.7316         0
20.7614         0
20.7913         0
