11.2711         0
11.2962         0
11.3213         0
11.3465         0
11.3716         0
11.3967         0
11.4219         0
11.447         0
11.4721         0
11.4973         0
11.5224         0
11.5475         0
11.5727         0
11.5978         0
11.6229         0
11.6481         0
11.6732         0
11.6983         0
11.7234         0
11.7486         0
11.7737         0
11.7988         0
11.824         0
11.8491         0
11.8742         0
11.8994         0
11.9245         0
11.9496         0
11.9748         0
11.9999         0
12.025         0
12.0502         0
12.0753         0
12.1004         0
12.1256         0
12.1507         0
12.1758         0
12.201         0
12.2261         0
12.2512         0
12.2763         0
12.3015         0
12.3266         0
12.3517         0
12.3769         0
12.402         0
12.4271         0
12.4523         0
12.4774         0
12.5025         0
12.5277         0
12.5528         0
12.5779         0
12.6031         0
12.6282         0
12.6533         0
12.6785         0
12.7036         0
12.7287         0
12.7538         0
12.779         0
12.8041         0
12.8292         0
12.8544         0
12.8795         0
12.9046         0
12.9298         0
12.9549         0
12.98         0
13.0052         1
13.0303         1
13.0554         0
13.0806         0
13.1057         0
13.1308         1
13.156         0
13.1811         1
13.2062         0
13.2313         0
13.2565         0
13.2816         0
13.3067         1
13.3319         2
13.357         4
13.3821         6
13.4073         7
13.4324         6
13.4575        12
13.4827        15
13.5078        15
13.5329        13
13.5581        22
13.5832        21
13.6083        16
13.6335        21
13.6586        33
13.6837        34
13.7089        43
13.734        26
13.7591        43
13.7842        53
13.8094        61
13.8345        89
13.8596        78
13.8848        82
13.9099       122
13.935       124
13.9602       150
13.9853       142
14.0104       174
14.0356       184
14.0607       193
14.0858       235
14.111       288
14.1361       305
14.1612       366
14.1864       331
14.2115       389
14.2366       498
14.2617       543
14.2869       600
14.312       665
14.3371       689
14.3623       745
14.3874       849
14.4125       865
14.4377      1013
14.4628       986
14.4879      1161
14.5131      1138
14.5382      1181
14.5633      1215
14.5885      1342
14.6136      1471
14.6387      1472
14.6639      1592
14.689      1584
14.7141      1658
14.7393      1657
14.7644      1737
14.7895      1700
14.8146      1758
14.8398      1793
14.8649      1756
14.89      1810
14.9152      1684
14.9403      1735
14.9654      1658
14.9906      1735
15.0157      1705
15.0408      1705
15.066      1554
15.0911      1678
15.1162      1621
15.1414      1601
15.1665      1518
15.1916      1494
15.2168      1467
15.2419      1369
15.267      1370
15.2921      1401
15.3173      1315
15.3424      1249
15.3675      1208
15.3927      1209
15.4178      1267
15.4429      1187
15.4681      1283
15.4932      1197
15.5183      1198
15.5435      1155
15.5686      1160
15.5937      1158
15.6189      1085
15.644      1087
15.6691      1134
15.6943      1070
15.7194      1021
15.7445      1100
15.7697      1049
15.7948       995
15.8199       991
15.845       930
15.8702       925
15.8953       942
15.9204       930
15.9456       951
15.9707       961
15.9958       969
16.021       937
16.0461       972
16.0712       974
16.0964       932
16.1215       954
16.1466       997
16.1718      1025
16.1969      1004
16.222      1003
16.2472      1020
16.2723      1079
16.2974      1043
16.3225      1040
16.3477      1139
16.3728      1109
16.3979      1128
16.4231      1119
16.4482      1142
16.4733      1126
16.4985      1105
16.5236      1191
16.5487      1134
16.5739      1186
16.599      1256
16.6241      1274
16.6493      1297
16.6744      1343
16.6995      1324
16.7247      1399
16.7498      1400
16.7749      1367
16.8001      1413
16.8252      1458
16.8503      1459
16.8754      1606
16.9006      1534
16.9257      1672
16.9508      1613
16.976      1761
17.0011      1734
17.0262      1685
17.0514      1704
17.0765      1763
17.1016      1669
17.1268      1748
17.1519      1758
17.177      1738
17.2022      1898
17.2273      1854
17.2524      1914
17.2776      1947
17.3027      1856
17.3278      1884
17.3529      1729
17.3781      1703
17.4032      1655
17.4283      1688
17.4535      1561
17.4786      1520
17.5037      1381
17.5289      1400
17.554      1361
17.5791      1222
17.6043      1192
17.6294      1161
17.6545      1045
17.6797       993
17.7048       933
17.7299       832
17.7551       738
17.7802       704
17.8053       623
17.8304       567
17.8556       492
17.8807       504
17.9058       437
17.931       344
17.9561       339
17.9812       281
18.0064       259
18.0315       223
18.0566       208
18.0818       157
18.1069       166
18.132       117
18.1572       132
18.1823       112
18.2074       107
18.2326        99
18.2577        71
18.2828        81
18.308        53
18.3331        59
18.3582        42
18.3833        45
18.4085        32
18.4336        30
18.4587        11
18.4839        11
18.509        14
18.5341         8
18.5593         5
18.5844         9
18.6095         3
18.6347         2
18.6598         1
18.6849         1
18.7101         0
18.7352         1
18.7603         0
18.7855         0
18.8106         0
18.8357         0
18.8608         0
18.886         0
18.9111         0
18.9362         0
18.9614         0
18.9865         0
19.0116         0
19.0368         0
19.0619         0
19.087         0
19.1122         0
19.1373         0
19.1624         0
19.1876         0
19.2127         0
19.2378         0
19.263         0
19.2881         0
19.3132         0
19.3384         0
19.3635         0
19.3886         0
19.4137         0
19.4389         0
19.464         0
19.4891         0
19.5143         0
19.5394         0
19.5645         0
19.5897         0
19.6148         0
19.6399         0
19.6651         0
19.6902         0
19.7153         0
19.7405         0
19.7656         0
19.7907         0
19.8159         0
19.841         0
19.8661         0
19.8912         0
19.9164         0
19.9415         0
19.9666         0
19.9918         0
20.0169         0
20.042         0
20.0672         0
20.0923         0
20.1174         0
20.1426         0
20.1677         0
20.1928         0
20.218         0
20.2431         0
20.2682         0
20.2934         0
20.3185         0
20.3436         0
20.3688         0
20.3939         0
20.419         0
20.4441         0
20.4693         0
20.4944         0
20.5195         0
20.5447         0
20.5698         0
20.5949         0
20.6201         0
20.6452         0
20.6703         0
20.6955         0
20.7206         0
20.7457         0
20.7709         0
20.796         0
