        0        0       45     6619    65139   147208   149703   104658    66830    46018    37599    35492    37308    41419    46086    52249    58329    64394    69076    40416
        0        0       44     6060    61795   143722   147877   104825    67499    46749    37574    35592    36957    40411    45310    51356    57089    62819    68110    39658
        0        0       85     6415    60408   141740   149201   107445    70267    49337    39968    37429    39344    41811    46776    52682    58894    64412    67000    37985
        0        1      124     6140    58066   137493   146975   107183    71198    50537    41424    38426    39566    42688    47057    52434    58428    64058    65688    36182
        0        1      137     5936    54617   131441   143286   107452    72416    52388    42580    39406    40370    43208    47593    52706    58772    65024    63436    34476
        0        0      165     5848    51402   124772   139363   106045    72861    52926    43998    40843    40844    43822    47643    52603    58579    64988    62475    32832
        0        1      196     5667    48023   118724   134672   105166    73692    53952    44679    41672    41693    44313    47781    53381    59264    64442    61498    31053
        0        0      225     5790    45286   112734   130068   103322    74088    54871    46024    42281    42406    44801    47989    53506    58624    63841    59535    28826
        0        2      283     5874    42638   105080   124321   101320    73722    55816    46738    43501    43766    45625    49175    53475    59242    64543    58314    27142
        0        2      340     6124    40150    98819   119371    99542    74603    56639    47619    43873    44312    46128    49907    54380    59395    64692    56645    25029
        0        5      407     6655    38456    92877   114336    97511    74034    57207    48460    45286    45591    46919    50067    54412    59587    64681    55120    23629
        0        3      464     6917    36401    87833   108732    94286    73033    57470    49530    45971    45480    47716    50945    55738    60046    65505    54251    21712
        0        6      545     7550    35401    82174   104310    92127    72909    58000    49865    46517    46989    48375    51581    56010    59984    65501    53291    19753
        0        3      627     8001    34298    77189    98718    90459    72344    58416    50654    47984    48164    49701    52739    56810    60694    65618    51665    18106
        0        6      749     8522    33912    72541    93677    87645    71894    58489    51123    48336    48323    50403    53328    57498    61742    66095    50976    16610
        0        2      850     9250    33691    68722    90009    85730    71523    58831    52114    49257    49034    51540    53942    57858    62349    66797    49915    15041
        0        9      921     9936    33556    65675    85326    83371    70472    58979    51958    49698    50317    52249    55056    58287    62772    67302    48801    13828
        0        7     1081    10654    33887    62611    82108    81271    69983    59214    52228    50139    50501    53046    55829    59789    63966    68248    47916    12480
        0        9     1136    11573    34220    60387    78511    79394    69328    59336    52597    51116    51535    53302    56540    60111    64794    68756    47435    11110
        0       15     1224    12283    34772    57959    76361    77622    68716    59115    52952    50968    52035    54426    56906    60957    65382    69604    46950     9940
        0       18     1333    13313    35176    56810    73519    76637    68529    59028    53216    51441    52331    54984    58396    62148    65832    70525    46470     8865
        0       13     1454    13989    36063    55574    71504    75529    67939    58752    53493    52158    52741    55325    59216    63255    67355    71804    45556     8213
        0       13     1639    15152    36712    54804    70175    74346    67300    58627    53292    52547    52680    55863    59704    64044    67636    72309    45462     7473
        0       15     1704    15807    38299    54332    68835    73515    66957    58567    52847    52429    53538    56723    60118    64552    68587    72290    44942     6601
        0       12     1802    16675    39266    54244    68622    72963    66802    58789    53192    52445    53309    56854    60784    64526    68945    73685    44801     5958
        0       19     1879    17467    40561    54303    69186    73179    66630    58687    53439    52917    53901    57232    61222    65302    69461    73906    44767     5264
        0       24     2125    18467    42019    55273    69218    73916    66939    57719    53653    52648    53830    56761    60964    65349    69702    74139    44504     4605
        0       14     2147    19343    43095    56201    69945    73983    66755    57731    53293    52353    54361    57677    61587    66388    70896    75085    44231     4273
        0       14     2257    20085    44614    56942    71276    74816    66855    57928    53097    52748    54151    57405    61686    65952    70602    75183    44032     3744
        0       18     2380    20954    46323    58473    72576    75583    67189    57957    53206    52418    54002    57513    62034    65440    71116    75691    43968     3321
        0       17     2517    21748    47584    60867    75194    77344    67688    58037    53147    52195    54430    57624    61898    66176    70805    75794    44174     3072
        0       20     2696    22542    49418    62983    77465    78573    67651    57388    52668    52436    54607    57678    61524    66820    70846    75254    44268     2760
        0       25     2655    23953    50926    65018    79750    80081    68010    57354    52639    53004    54637    57338    62136    66408    71085    75698    44426     2519
        0       23     2794    24337    53052    68303    83389    81979    68074    57404    52517    52767    54729    58209    61604    66275    71191    75288    44412     2211
        0       29     2851    25196    54667    70726    86419    83949    68999    56869    52535    52513    54523    58501    62189    66751    71126    75948    44755     1984
        0       26     2952    26321    56652    73638    89778    86340    69744    56778    52201    52060    54896    58147    62231    66686    70852    75470    45113     1755
        0       29     2958    27156    58655    77105    93103    88039    70326    56713    51440    52129    54778    58027    62872    66895    71193    75128    45234     1612
        0       23     3088    27899    60263    80051    97534    90618    70546    56425    51644    51948    55094    58723    63118    66892    70906    75275    45567     1471
        0       30     3195    28170    62827    83529   100327    92457    70643    56475    51620    52382    55106    58879    62767    67179    71373    75808    45569     1307
        0       20     3412    29398    65670    87244   104242    94317    72034    55987    51259    51916    55306    59242    63411    67351    71718    76113    45936     1191
        0       35     3351    30442    67882    91978   108491    95606    71457    55701    50614    52029    55232    58921    63529    67560    71509    75731    45899     1093
        0       29     3514    31316    71175    96130   111854    98431    71609    55210    50304    51570    54716    59262    63665    67902    71898    75261    46676     1059
        0       28     3548    32531    74825    99889   116183    99353    71545    55212    49503    50505    54754    59609    64360    68033    71839    75047    46405      929
        0       33     3786    33984    77900   105308   119991   100823    71506    54690    49031    50784    54257    59825    64136    67960    72094    75340    46821      842
        0       30     3668    35212    81537   109743   121571   101081    70979    53480    48514    50022    54204    59480    64470    68205    72560    75642    47419      765
        0       27     3904    37065    86146   114515   125252   102121    71211    53294    47654    49331    54071    59269    64553    68983    72672    76024    47152      693
        0       47     4178    39297    90871   119320   127322   102335    70503    52817    47150    49151    53845    59347    64298    69178    73055    76357    47289      611
        0       38     4490    41732    96904   124786   129770   102328    70119    51503    46568    47857    52794    58522    64232    68571    73168    75962    47426      564
        0       34     4570    44762   103420   130439   131703   102404    69166    50801    45433    47248    52288    58408    63927    69166    72825    75854    47378      565
        0       49     5038    47558   109593   135881   132650   100900    67658    49614    44573    46658    52086    57646    63342    68235    72332    75826    47349      448
        0       36     5473    51109   116151   140950   133808   100170    66730    48768    43895    45414    50916    57168    63134    68651    72859    75551    47170      407
        0       47     5865    54858   123472   145103   134247    98058    65634    47839    43251    44545    50291    56294    62332    67806    72542    76058    47555      362
        0       53     6389    58300   130203   149142   132969    95482    63584    46751    41703    43738    49350    55278    61968    67448    72151    75132    47297      291
        0       56     6704    61708   136399   153332   132106    93900    61581    45578    41399    42955    48244    54652    61240    66218    71491    74918    46704      241
        0       67     7052    64319   141521   156081   129799    89934    59487    44438    40106    42427    46739    53494    60061    65956    70445    74253    46618      213
        0       63     7217    66326   146994   157435   127234    86499    57207    42994    39413    41101    46199    52193    58719    65028    70256    74005    45310      158
        0       70     7463    68048   149220   158682   123185    82734    55108    41768    38517    40456    44903    50941    57539    63757    68495    73548    44793      126
        0       57     7295    68917   151836   157389   118675    78115    52508    40443    37763    39578    43901    50008    56260    61849    68019    72286    43885       98
        0       62     7312    68306   151249   155749   113808    73554    49644    39021    37094    38609    43175    48714    55120    61100    67213    71909    43017       60
        0       34     6916    67308   150124   152441   107379    68443    47129    37969    35652    37962    41664    47146    53471    60048    65575    70529    41676       18
