0         0
0.16     15073
0.32     11856
0.48      9898
0.64     11607
0.8      9723
0.96     10070
1.12      8963
1.28      9052
1.44      8632
1.6      8313
1.76      7623
1.92      7147
2.08      7272
2.24      6620
2.4      6219
2.56      6028
2.72      5807
2.88      5646
3.04      5250
3.2      5232
3.36      4876
3.52      4738
3.68      4492
3.84      4481
4      4242
4.16      3966
4.32      3936
4.48      3853
4.64      3661
4.8      3503
4.96      3304
5.12      3314
5.28      3164
5.44      2977
5.6      2897
5.76      2808
5.92      2665
6.08      2565
6.24      2369
6.4      2342
6.56      2197
6.72      2254
6.88      2066
7.04      1961
7.2      1957
7.36      1874
7.52      1795
7.68      1770
7.84      1711
8      1643
8.16      1552
8.32      1533
8.48      1478
8.64      1406
8.8      1313
8.96      1305
9.12      1324
9.28      1265
9.44      1198
9.6      1132
9.76      1147
9.92      1123
10.08      1022
10.24      1026
10.4      1051
10.56       929
10.72       917
10.88       901
11.04       899
11.2       868
11.36       850
11.52       814
11.68       812
11.84       729
12       717
12.16       716
12.32       667
12.48       673
12.64       639
12.8       643
12.96       576
13.12       574
13.28       585
13.44       523
13.6       597
13.76       523
13.92       505
14.08       512
14.24       491
14.4       474
14.56       456
14.72       429
14.88       399
15.04       442
15.2       389
15.36       394
15.52       360
15.68       383
15.84       360
16       346
16.16       370
16.32       339
16.48       313
16.64       332
16.8       279
16.96       269
17.12       268
17.28       280
17.44       250
17.6       263
17.76       265
17.92       249
18.08       243
18.24       244
18.4       226
18.56       216
18.72       230
18.88       198
19.04       190
19.2       213
19.36       178
19.52       188
19.68       189
19.84       207
20       147
20.16       182
20.32       176
20.48       186
20.64       152
20.8       157
20.96       141
21.12       128
21.28       150
21.44       128
21.6       111
21.76       109
21.92       131
22.08       145
22.24       112
22.4       124
22.56       102
22.72       114
22.88       120
23.04       105
23.2       101
23.36       114
23.52        90
23.68        83
23.84       100
24        87
24.16        90
24.32        86
24.48        79
24.64        77
24.8        83
24.96        72
25.12        74
25.28        75
25.44        69
25.6        71
25.76        52
25.92        68
26.08        57
26.24        55
26.4        66
26.56        45
26.72        54
26.88        56
27.04        78
27.2        57
27.36        45
27.52        52
27.68        53
27.84        52
28        49
28.16        42
28.32        31
28.48        40
28.64        44
28.8        41
28.96        43
29.12        38
29.28        27
29.44        33
29.6        41
29.76        39
29.92        43
30.08        35
30.24        40
30.4        42
30.56        34
30.72        36
30.88        30
31.04        25
31.2        30
31.36        28
31.52        25
31.68        22
31.84        25
32        30
32.16        27
32.32        24
32.48        30
32.64        21
32.8        21
32.96        15
33.12        17
33.28        19
33.44        20
33.6        26
33.76        14
33.92        20
34.08        25
34.24        11
34.4        26
34.56        13
34.72        22
34.88        18
35.04         8
35.2        19
35.36        12
35.52        15
35.68        15
35.84        20
36        14
36.16        17
36.32        18
36.48        13
36.64        15
36.8        12
36.96        11
37.12         6
37.28        18
37.44        10
37.6         8
37.76        18
37.92        13
38.08        10
38.24         8
38.4        11
38.56        10
38.72         9
38.88         8
39.04        10
39.2        14
39.36        10
39.52         7
39.68         5
39.84         7
40        12
40.16         4
40.32        10
40.48         5
40.64         8
40.8        11
40.96         6
41.12         6
41.28         8
41.44         6
41.6         6
41.76         3
41.92         6
42.08         8
42.24         6
42.4         7
42.56         8
42.72         3
42.88         3
43.04         5
43.2         2
43.36         5
43.52         2
43.68         5
43.84         5
44         8
44.16         6
44.32         3
44.48         5
44.64         5
44.8         3
44.96         3
45.12         3
45.28         1
45.44         4
45.6         3
45.76         5
45.92         0
46.08         3
46.24         4
46.4         0
46.56         2
46.72         2
46.88         5
47.04         3
47.2         1
47.36         2
47.52         2
47.68         2
47.84         2
48         1
48.16         2
48.32         2
48.48         2
48.64         3
48.8         1
48.96         1
49.12         0
49.28         2
49.44         2
49.6         1
49.76         3
49.92         2
50.08         2
50.24         2
50.4         1
50.56         2
50.72         0
50.88         0
51.04         2
51.2         1
51.36         0
51.52         3
51.68         1
51.84         1
52         1
52.16         0
52.32         2
52.48         1
52.64         1
52.8         1
52.96         0
53.12         0
53.28         1
53.44         1
53.6         2
53.76         2
53.92         0
54.08         0
54.24         0
54.4         0
54.56         0
54.72         1
54.88         3
55.04         1
55.2         0
55.36         0
55.52         0
55.68         0
55.84         0
56         0
56.16         1
56.32         0
56.48         1
56.64         2
56.8         1
56.96         0
57.12         0
57.28         0
57.44         0
57.6         0
57.76         0
57.92         0
58.08         0
58.24         0
58.4         1
58.56         0
58.72         0
58.88         0
59.04         1
59.2         1
59.36         1
59.52         0
59.68         1
59.84         1
60         1
60.16         0
60.32         0
60.48         0
60.64         1
60.8         0
60.96         0
61.12         0
61.28         1
61.44         0
61.6         0
61.76         0
61.92         0
62.08         0
62.24         0
62.4         0
62.56         0
62.72         0
62.88         0
63.04         0
63.2         0
63.36         0
63.52         0
63.68         0
63.84         0
64         0
64.16         0
64.32         1
64.48         0
64.64         0
64.8         0
64.96         0
65.12         0
65.28         0
65.44         0
65.6         0
65.76         0
65.92         1
66.08         0
66.24         0
66.4         0
66.56         0
66.72         0
66.88         0
67.04         0
67.2         0
67.36         1
67.52         1
67.68         0
67.84         0
68         0
68.16         0
68.32         0
68.48         0
68.64         0
68.8         0
68.96         0
69.12         0
69.28         0
69.44         0
69.6         0
69.76         0
69.92         0
70.08         0
70.24         0
70.4         0
70.56         0
70.72         0
70.88         0
71.04         0
71.2         0
71.36         0
71.52         0
71.68         0
71.84         1
72         0
72.16         0
72.32         0
72.48         0
72.64         0
72.8         0
72.96         0
73.12         0
73.28         0
73.44         0
73.6         0
73.76         0
73.92         0
74.08         0
74.24         0
74.4         0
74.56         0
74.72         0
74.88         0
75.04         0
75.2         0
75.36         0
75.52         0
75.68         0
75.84         0
76         0
76.16         0
76.32         1
76.48         0
76.64         0
76.8         0
76.96         0
77.12         0
77.28         0
77.44         0
77.6         0
77.76         0
77.92         0
78.08         0
78.24         0
78.4         0
78.56         0
78.72         0
78.88         0
79.04         0
79.2         0
79.36         0
79.52         0
79.68         0
79.84         0
80         0
80.16         0
80.32         0
80.48         0
80.64         0
80.8         1
80.96         0
81.12         0
81.28         0
81.44         0
81.6         0
81.76         1
81.92         0
82.08         0
82.24         0
82.4         0
82.56         0
82.72         0
82.88         0
83.04         0
83.2         0
83.36         0
83.52         0
83.68         0
83.84         0
84         0
84.16         0
84.32         0
84.48         0
84.64         0
84.8         0
84.96         0
85.12         0
85.28         0
85.44         0
85.6         0
85.76         0
85.92         0
86.08         0
86.24         0
86.4         0
86.56         0
86.72         0
86.88         0
87.04         0
87.2         0
87.36         0
87.52         0
87.68         0
87.84         0
88         0
88.16         0
88.32         0
88.48         0
88.64         0
88.8         0
88.96         0
89.12         0
89.28         0
89.44         0
89.6         0
89.76         0
89.92         0
90.08         0
90.24         0
90.4         0
90.56         0
90.72         0
90.88         0
91.04         0
91.2         0
91.36         0
91.52         0
91.68         0
91.84         0
92         0
92.16         0
92.32         0
92.48         0
92.64         0
92.8         0
92.96         0
93.12         0
93.28         0
93.44         0
93.6         0
93.76         0
93.92         0
94.08         0
94.24         0
94.4         0
94.56         0
94.72         0
94.88         0
95.04         0
95.2         0
95.36         0
95.52         0
95.68         0
95.84         0
96         0
96.16         0
96.32         0
96.48         0
96.64         0
96.8         0
96.96         0
97.12         0
97.28         0
97.44         0
97.6         0
97.76         0
97.92         0
98.08         0
98.24         0
98.4         0
98.56         0
98.72         0
98.88         0
99.04         0
99.2         0
99.36         0
99.52         0
99.68         0
99.84         0
100         0
100.16         0
100.32         0
100.48         0
100.64         0
100.8         0
100.96         0
101.12         0
101.28         0
101.44         0
101.6         0
101.76         0
101.92         0
102.08         0
102.24         0
102.4         0
102.56         0
102.72         0
102.88         0
103.04         0
103.2         0
103.36         0
103.52         0
103.68         0
103.84         0
104         0
104.16         0
104.32         0
104.48         0
104.64         0
104.8         0
104.96         0
105.12         0
105.28         0
105.44         0
105.6         0
105.76         0
105.92         0
106.08         0
106.24         0
106.4         0
106.56         0
106.72         0
106.88         0
107.04         0
107.2         0
107.36         0
107.52         0
107.68         0
107.84         0
108         0
108.16         0
108.32         0
108.48         0
108.64         0
108.8         0
108.96         0
109.12         0
109.28         0
109.44         0
109.6         0
109.76         0
109.92         0
110.08         0
110.24         0
110.4         0
110.56         0
110.72         0
110.88         0
111.04         0
111.2         0
111.36         0
111.52         0
111.68         0
111.84         0
112         0
112.16         0
112.32         0
112.48         0
112.64         0
112.8         0
112.96         0
113.12         0
113.28         0
113.44         0
113.6         0
113.76         0
113.92         0
114.08         0
114.24         0
114.4         0
114.56         0
114.72         0
114.88         0
115.04         0
115.2         0
115.36         0
115.52         0
115.68         0
115.84         0
116         0
116.16         0
116.32         0
116.48         0
116.64         0
116.8         0
116.96         0
117.12         0
117.28         0
117.44         0
117.6         0
117.76         0
117.92         0
118.08         0
118.24         0
118.4         0
118.56         0
118.72         0
118.88         0
119.04         0
119.2         0
119.36         0
119.52         0
119.68         0
119.84         0
120         0
120.16         0
120.32         0
120.48         0
120.64         0
120.8         0
120.96         0
121.12         0
121.28         0
121.44         0
121.6         0
121.76         0
121.92         0
122.08         0
122.24         0
122.4         0
122.56         0
122.72         0
122.88         0
123.04         0
123.2         0
123.36         0
123.52         0
123.68         0
123.84         0
124         0
124.16         0
124.32         0
124.48         0
124.64         0
124.8         0
124.96         0
125.12         0
125.28         0
125.44         0
125.6         0
125.76         0
125.92         0
126.08         0
126.24         0
126.4         0
126.56         0
126.72         0
126.88         0
127.04         0
127.2         0
127.36         0
127.52         0
127.68         0
127.84         0
128         0
128.16         0
128.32         0
128.48         0
128.64         0
128.8         0
128.96         0
129.12         0
129.28         0
129.44         0
129.6         0
129.76         0
129.92         0
130.08         0
130.24         0
130.4         0
130.56         0
130.72         0
130.88         0
131.04         0
131.2         0
131.36         0
131.52         0
131.68         0
131.84         0
132         0
132.16         0
132.32         0
132.48         0
132.64         0
132.8         0
132.96         0
133.12         0
133.28         0
133.44         0
133.6         0
133.76         0
133.92         0
134.08         0
134.24         0
134.4         0
134.56         0
134.72         0
134.88         0
135.04         0
135.2         0
135.36         0
135.52         0
135.68         0
135.84         0
136         0
136.16         0
136.32         0
136.48         0
136.64         0
136.8         0
136.96         0
137.12         0
137.28         0
137.44         0
137.6         0
137.76         0
137.92         0
138.08         0
138.24         0
138.4         0
138.56         0
138.72         0
138.88         0
139.04         0
139.2         0
139.36         0
139.52         0
139.68         0
139.84         0
140         0
140.16         0
140.32         0
140.48         0
140.64         0
140.8         0
140.96         0
141.12         0
141.28         0
141.44         0
141.6         0
141.76         0
141.92         0
142.08         0
142.24         0
142.4         0
142.56         0
142.72         0
142.88         0
143.04         0
143.2         0
143.36         0
143.52         0
143.68         0
143.84         0
144         0
144.16         0
144.32         0
144.48         0
144.64         0
144.8         0
144.96         0
145.12         0
145.28         0
145.44         0
145.6         0
145.76         0
145.92         0
146.08         0
146.24         0
146.4         0
146.56         0
146.72         0
146.88         0
147.04         0
147.2         0
147.36         0
147.52         0
147.68         0
147.84         0
148         0
148.16         0
148.32         0
148.48         0
148.64         0
148.8         0
148.96         0
149.12         0
149.28         0
149.44         0
149.6         0
149.76         0
149.92         0
150.08         0
150.24         0
150.4         0
150.56         0
150.72         0
150.88         0
151.04         0
151.2         0
151.36         0
151.52         0
151.68         0
151.84         0
152         0
152.16         0
152.32         0
152.48         0
152.64         0
152.8         0
152.96         0
153.12         0
153.28         0
153.44         0
153.6         0
153.76         0
153.92         0
154.08         0
154.24         0
154.4         0
154.56         0
154.72         0
154.88         0
155.04         0
155.2         0
155.36         0
155.52         0
155.68         0
155.84         0
156         0
156.16         0
156.32         0
156.48         0
156.64         0
156.8         0
156.96         0
157.12         0
157.28         0
157.44         0
157.6         0
157.76         0
157.92         0
158.08         0
158.24         0
158.4         0
158.56         0
158.72         0
158.88         0
159.04         0
159.2         0
159.36         0
159.52         0
159.68         0
159.84         0
