      0.25  0.189774  0.197157  0.165105
       0.5  0.339295  0.342534  0.155553
      0.75  0.454648  0.457308  0.185199
         1  0.571173  0.569091  0.203014
      1.25  0.676785  0.685666  0.212975
       1.5  0.772526  0.783297  0.219326
      1.75  0.855264  0.870329  0.236482
         2  0.933619  0.976074  0.246107
      2.25   1.04121   1.05881  0.258493
       2.5   1.14976   1.15607  0.267737
      2.75   1.22512   1.26268  0.291434
         3   1.29777   1.35013  0.297601
      3.25   1.39746   1.44892  0.305685
       3.5   1.49923   1.53896  0.314297
      3.75   1.58088   1.59059   0.33113
         4    1.6752   1.65993  0.340991
      4.25   1.77481   1.75744  0.346983
       4.5   1.84938   1.82103  0.350986
      4.75     1.953   1.90328  0.368411
         5   2.04278   1.98589  0.382199
      5.25   2.12272   2.06054   0.38866
       5.5   2.21773   2.11961  0.407249
      5.75    2.2759   2.19969  0.415018
         6   2.35565   2.27518  0.431707
      6.25   2.43927   2.35888  0.449851
       6.5   2.52183   2.42967  0.455515
      6.75   2.59984   2.47113  0.468828
         7   2.69837   2.58271  0.485094
      7.25   2.80191   2.67561  0.492681
       7.5   2.88792   2.73241  0.510309
      7.75   2.95547   2.75978  0.521728
         8   3.08259   2.83518  0.543937
      8.25    3.1695   2.92181   0.54947
       8.5   3.25377   2.99875  0.564966
      8.75   3.34325   3.08254  0.571531
         9   3.39518   3.19104  0.582711
      9.25   3.49125   3.28236  0.598019
       9.5   3.59018   3.34395  0.612064
      9.75   3.67023   3.42847  0.629107
        10   3.75845   3.53894  0.635839
     10.25   3.84506   3.65508  0.648179
      10.5    3.8731   3.72414  0.663867
     10.75   3.93999   3.82028  0.672323
        11   4.02537   3.90195   0.67336
     11.25   4.09502    3.9605  0.691255
      11.5    4.1694    4.0673  0.695909
     11.75   4.28534   4.17069  0.704833
        12   4.37826   4.24405  0.717706
     12.25   4.48125    4.3062  0.728889
      12.5   4.57108   4.39486  0.743715
     12.75   4.65623   4.43607  0.760434
        13   4.77743    4.5171  0.772281
     13.25   4.87773   4.65106  0.786509
      13.5   4.99076   4.74692  0.801473
     13.75   5.08723   4.83177  0.809291
        14   5.17807   4.90657  0.813216
     14.25   5.25923   5.03329  0.822972
      14.5   5.26892   5.10154  0.834271
     14.75     5.321   5.20724  0.849157
        15    5.4011   5.30745  0.861388
     15.25   5.47037   5.35832  0.868778
      15.5   5.57928    5.4504  0.884815
     15.75   5.66667   5.52117  0.886666
        16     5.744   5.63544  0.896079
     16.25   5.84214   5.76584  0.911005
      16.5   5.89323   5.82406  0.914689
     16.75   5.93727   5.88541  0.922498
        17   6.04132   5.94789  0.934997
     17.25   6.11836   6.02681  0.958817
      17.5   6.14173   6.06735  0.967685
     17.75   6.21306   6.12833  0.976902
        18   6.27454   6.21086   1.00153
     18.25   6.29931   6.29887   1.01092
      18.5   6.38804   6.35319   1.01951
     18.75   6.45705   6.42466   1.01565
        19   6.50522    6.5481   1.03452
     19.25   6.64715   6.63677   1.03863
      19.5   6.74552   6.66033   1.05102
     19.75   6.78735   6.78547   1.05435
        20   6.82372   6.86459    1.0643
     20.25   6.89663    6.9627   1.07573
      20.5   6.98887   7.00994   1.08927
     20.75   7.08129   7.03712   1.09557
        21   7.16503   7.09737   1.10972
     21.25   7.26809   7.17698   1.10883
      21.5   7.38477   7.31554   1.12944
     21.75   7.45672   7.37511   1.13633
        22   7.52954   7.41422   1.15386
     22.25   7.55947    7.4567   1.15509
      22.5   7.62783   7.56182   1.16698
     22.75   7.67833   7.63815   1.16619
        23   7.78139   7.72197   1.19017
     23.25   7.85025   7.81843   1.18744
      23.5   7.97289    7.9321   1.21064
     23.75   8.04035   8.00414   1.20498
        24   8.12554   8.05889   1.21476
     24.25   8.17057   8.12471   1.22839
      24.5   8.28538   8.17118   1.23354
     24.75   8.35147   8.25568   1.26104
        25   8.39873   8.38505   1.26405
     25.25   8.50622   8.43959   1.27659
      25.5   8.54329    8.5007   1.30555
     25.75   8.60475   8.60946   1.28488
        26   8.71932   8.69335   1.29582
     26.25   8.76453   8.75995   1.30835
      26.5   8.90616   8.81675   1.31024
     26.75   8.90895   8.83247   1.33427
        27   8.96709   8.97496   1.33315
     27.25   9.02523   9.10364   1.33752
      27.5   9.14723     9.203   1.34109
     27.75   9.20617   9.31541   1.36201
        28   9.23841   9.34985   1.36305
     28.25   9.35874   9.38985   1.36624
      28.5   9.41503   9.42676   1.37677
     28.75   9.45793   9.48731   1.39408
        29   9.46078   9.57507   1.40722
     29.25   9.53953   9.65722   1.41064
      29.5   9.62743   9.73095    1.4247
     29.75   9.74734   9.83802    1.4261
        30   9.85888   9.92756   1.44134
     30.25   9.95984   10.0262   1.44708
      30.5   10.0615   10.1716   1.45681
     30.75   10.1419    10.186   1.45417
        31   10.1759   10.2329   1.47767
     31.25   10.2374   10.2884   1.48318
      31.5   10.3235   10.3834   1.48429
     31.75   10.4479   10.4868   1.48546
        32   10.5509   10.5478    1.5109
     32.25   10.6472   10.6467   1.50417
      32.5   10.7908   10.7619   1.52611
     32.75   10.9003   10.9308   1.53625
        33   10.9289   10.9773   1.52631
     33.25   10.9941   11.0211   1.54389
      33.5   11.0333    10.993   1.54896
     33.75   11.1106   11.0703   1.55052
        34   11.1845   11.0911   1.57281
     34.25   11.3297   11.2034   1.56614
      34.5   11.3956   11.3163   1.58591
     34.75    11.494   11.4062   1.58673
        35    11.562   11.4914   1.58683
     35.25   11.6087    11.556   1.60914
      35.5   11.6734   11.5731   1.60996
     35.75   11.7293   11.6189   1.61673
        36   11.8059   11.6652   1.62184
     36.25    11.809   11.7536   1.62262
      36.5   11.7918   11.8448   1.65143
     36.75   11.7994   11.9615   1.63929
        37   11.7984   12.0222   1.65034
     37.25   11.8552    12.123    1.6389
      37.5   11.9079   12.2454   1.66191
     37.75    11.941   12.3525   1.67238
        38   12.0011    12.477   1.67892
     38.25   12.0817    12.623   1.69021
      38.5    12.254    12.724   1.70294
     38.75   12.3168   12.7371   1.70431
        39   12.3898    12.776   1.70172
     39.25   12.5541    12.846   1.69356
      39.5   12.6778   12.8831   1.73387
     39.75    12.756    12.987   1.72829
        40   12.8042   13.0929   1.73278
     40.25   12.8629   13.1737   1.74435
      40.5   12.9196   13.2575   1.74463
     40.75   12.9848    13.345   1.76286
        41   13.1213   13.4509   1.76942
     41.25   13.2011    13.467   1.77479
      41.5   13.2815    13.494   1.78561
     41.75    13.351    13.583   1.80561
        42   13.4523    13.727    1.7928
     42.25    13.526   13.8533   1.80678
      42.5   13.6861   13.9502   1.81711
     42.75   13.7494   13.9774   1.82156
        43   13.8652   14.1029   1.81752
     43.25   13.9506   14.2462    1.8192
      43.5   14.0837   14.3493   1.84798
     43.75   14.1233   14.4451   1.83863
        44   14.1739   14.5048    1.8448
     44.25   14.2154   14.5456   1.86946
      44.5   14.1947    14.559   1.86186
     44.75   14.2614   14.6467   1.87952
        45   14.3376   14.7764   1.88169
     45.25    14.481   14.8349   1.89596
      45.5    14.632   14.9129   1.90777
     45.75   14.6868   15.0404   1.91086
        46   14.7727   15.1086   1.91988
     46.25   14.8674   15.1694   1.92571
      46.5   14.9271   15.2233   1.93474
     46.75    14.921   15.3189   1.92905
        47   15.0184   15.4356   1.95568
     47.25    15.167   15.5975   1.96815
      47.5   15.1925    15.733   1.97032
     47.75   15.2807   15.8347    1.9735
        48   15.2837   15.8146   1.98701
     48.25   15.3045   15.7937   1.98535
      48.5   15.3894   15.8909   1.99852
     48.75   15.4683   15.9705   1.98822
        49   15.5968   16.0692   2.00652
     49.25   15.7445   16.0833   2.01457
      49.5   15.8543   16.1722   2.00724
     49.75   15.7827   16.2326   2.02319
        50    15.909     16.26    2.0198
     50.25   16.0023   16.3172   2.02752
      50.5   16.1451   16.3783   2.05082
     50.75   16.2625    16.399   2.05621
        51    16.361   16.5278   2.07196
     51.25   16.4192   16.6907   2.06524
      51.5   16.6009   16.8172    2.0782
     51.75   16.6394    16.945   2.08401
        52    16.756   16.9881   2.07764
     52.25    16.789   17.1371   2.09784
      52.5   16.9093   17.1562   2.08496
     52.75    17.015   17.2303     2.099
        53   17.0806   17.3275   2.12169
     53.25    17.178   17.3876    2.1194
      53.5    17.355   17.5529   2.13926
     53.75   17.5082    17.713   2.13452
        54   17.5597   17.7723   2.12542
     54.25   17.7035   17.8807   2.14148
      54.5   17.7773   17.9622   2.14064
     54.75   17.9323   18.0488   2.15057
        55   18.0518   18.1505   2.15434
     55.25   18.1172   18.2138   2.15306
      55.5   18.1732   18.2671    2.1783
     55.75   18.2409   18.3724   2.16294
        56   18.3471   18.4814   2.17729
     56.25   18.4349    18.498   2.19063
      56.5   18.5032    18.554   2.18862
     56.75   18.6032   18.6937   2.19566
        57   18.6997   18.7183   2.20918
     57.25   18.8328   18.7485   2.21236
      57.5   19.0162   18.8311   2.21572
     57.75   19.0994   18.9741   2.21191
        58   19.1442   18.9689   2.21163
     58.25   19.2308   19.0522   2.21782
      58.5   19.2618   19.0949   2.22609
     58.75   19.4186   19.2159   2.23925
        59   19.5303   19.2825   2.24976
     59.25   19.5523   19.4129   2.26108
      59.5   19.5847   19.5209   2.24933
     59.75   19.6903   19.6399   2.26765
        60   19.7197   19.7765   2.25347
     60.25   19.8228   19.9323   2.28713
      60.5   19.9159   20.0994   2.27257
     60.75   19.9896   20.2213   2.29302
        61   20.0775   20.3229   2.30506
     61.25   20.1486   20.3803   2.27513
      61.5    20.279   20.4329    2.3039
     61.75   20.3537   20.4761   2.32116
        62   20.5071   20.5425   2.31763
     62.25   20.5593   20.5766   2.32453
      62.5   20.6884   20.5905   2.32372
     62.75   20.7299     20.67   2.33595
        63   20.7422   20.7944    2.3228
     63.25   20.8295   20.7876   2.34982
      63.5    20.969   20.8163   2.33705
     63.75   21.0211   20.8995   2.33201
        64   21.1001   20.9305   2.35706
     64.25    21.217   21.0365   2.34614
      64.5   21.3364   21.1642   2.37083
     64.75   21.4003   21.3013   2.37793
        65   21.3999   21.2925   2.37932
     65.25   21.4955   21.2363   2.38251
      65.5   21.5645   21.2316   2.39522
     65.75   21.7228   21.3758    2.4025
        66   21.8044   21.3909    2.4135
     66.25   21.8743   21.3662   2.39364
      66.5   21.9902   21.5278   2.42867
     66.75   22.0928   21.5414    2.4109
        67    22.176   21.6958   2.40722
     67.25    22.243   21.8117   2.42672
      67.5   22.3054   21.9156   2.43127
     67.75   22.4158    22.115   2.45457
        68   22.5221   22.1914   2.46385
     68.25   22.6085   22.3051   2.45253
      68.5   22.7145   22.3122   2.45482
     68.75   22.9441   22.3423   2.46815
        69   23.0094   22.3442   2.47262
     69.25   23.1295   22.3779   2.48157
      69.5   23.2572    22.504   2.51524
     69.75   23.3297   22.5474   2.47131
        70   23.4553   22.6744   2.48652
     70.25   23.5593    22.753   2.51093
      70.5   23.6482   22.8431   2.49502
     70.75   23.6457   22.8985    2.5106
        71   23.7709   22.8884    2.4984
     71.25   23.9064   22.9428   2.53129
      71.5   23.9592   23.0153   2.51783
     71.75   24.0324   23.0469   2.54177
        72   24.1007   23.0777   2.52321
     72.25   24.0982   23.1256    2.5312
      72.5   24.1812   23.1939   2.53324
     72.75   24.2166   23.2664   2.53648
        73   24.3138    23.389   2.54531
     73.25    24.349   23.4085   2.52903
      73.5   24.4449   23.5119   2.55641
     73.75   24.4511    23.686    2.5551
        74   24.5233   23.7818   2.57477
     74.25   24.6753   23.8587   2.56796
      74.5   24.8847   23.8143   2.57598
     74.75   24.9913   23.9395   2.57937
        75   25.1799   24.0603   2.57874
     75.25    25.306   24.1039   2.59789
      75.5   25.5463   24.1441    2.6081
     75.75   25.5981   24.3044    2.5999
        76   25.6926   24.3015   2.59903
     76.25   25.8072   24.4195   2.58895
      76.5   25.8455   24.4881   2.59647
     76.75   25.9052   24.5766   2.61211
        77   25.9155   24.5856   2.58682
     77.25   26.0296   24.6507   2.62641
      77.5    26.143   24.6996   2.61411
     77.75   26.2534   24.7743   2.62005
        78   26.2257   24.8426   2.62883
     78.25   26.2722   24.8885   2.63417
      78.5   26.3047   24.8922   2.63298
     78.75   26.3493   24.9226   2.65153
        79   26.4289    24.986   2.64444
     79.25   26.4743   25.1212   2.63849
      79.5    26.703   25.1895    2.6639
     79.75   26.6922   25.4145   2.66959
        80   26.6887   25.5526   2.66843
     80.25   26.6143   25.6302    2.6617
      80.5   26.7171   25.7009    2.6695
     80.75   26.7735   25.7988   2.66286
        81   26.9718   25.9396   2.66149
     81.25   27.0353   26.0009   2.67384
      81.5   27.1267   25.9998   2.67033
     81.75   27.1907    26.044   2.68125
        82   27.2532   26.1619   2.67958
     82.25   27.2058   26.2094   2.68501
      82.5    27.327   26.2306   2.70221
     82.75   27.4045   26.4239    2.7018
        83   27.3648   26.5279   2.69803
     83.25   27.2361   26.5488   2.70446
      83.5   27.2273   26.5703   2.71285
     83.75   27.4084   26.5923   2.73012
        84    27.652   26.6474   2.71684
     84.25   27.7335   26.7586   2.72685
      84.5   27.7174   26.8155    2.7386
     84.75   27.7391   26.8582   2.73314
        85   27.7128   26.9301   2.72024
     85.25   27.6599   27.0354   2.73842
      85.5   27.7397    27.219   2.72612
     85.75   27.7086   27.4063   2.74236
        86   27.8337   27.4426   2.74296
     86.25   27.9942   27.4956   2.75029
      86.5   28.1502   27.5793   2.74115
     86.75   28.3902   27.7341   2.73983
        87   28.4857   27.9177    2.7692
     87.25    28.537   28.0785   2.76109
      87.5   28.4508   28.1897   2.77271
     87.75    28.484   28.2409   2.77495
        88   28.6569   28.2968   2.77177
     88.25   28.7413   28.2005   2.77862
      88.5   28.8675   28.2109   2.77129
     88.75   28.9305   28.2866   2.75993
        89   29.0575   28.3639   2.78448
     89.25   29.0579   28.4653   2.77607
      89.5   29.1275   28.5734    2.7769
     89.75   29.3228   28.6357   2.77238
        90   29.3519   28.6367   2.77381
     90.25   29.3559     28.69    2.7967
      90.5   29.3963   28.7753   2.81053
     90.75   29.5307   28.8796    2.8023
        91   29.6487   28.8785   2.79481
     91.25   29.6882   28.9894   2.80374
      91.5   29.6874   29.0772   2.80378
     91.75   29.6764   29.1504   2.79208
        92   29.7893   29.2138   2.81738
     92.25   29.8435   29.2245   2.80452
      92.5   29.9464   29.2847   2.80922
     92.75   30.0039   29.3077    2.8188
        93    30.098   29.4249   2.79955
     93.25   30.2784   29.4519   2.82168
      93.5   30.2598    29.489   2.81262
     93.75   30.4325   29.4381   2.83601
        94   30.5279   29.4322   2.83226
     94.25    30.626   29.5149   2.83825
      94.5   30.7427   29.6702   2.84908
     94.75   30.8437    29.798    2.8289
        95    30.865   29.8158    2.8435
     95.25   30.8988   29.8929   2.85479
      95.5   31.0837   30.0279   2.83603
     95.75   31.1925   30.1343   2.84144
        96   31.2427   30.2782   2.85578
     96.25   31.3496   30.3751   2.85895
      96.5   31.4867   30.4966    2.8782
     96.75   31.5144    30.602   2.87924
        97   31.6747   30.5541   2.88176
     97.25   31.8378    30.622   2.87946
      97.5   32.0743   30.7049   2.90305
     97.75   32.2419   30.7401   2.88606
        98   32.3563   30.9147    2.8728
     98.25   32.4513   31.0249   2.88212
      98.5   32.5464   31.0886   2.89677
     98.75   32.5813   31.1609   2.88875
        99   32.8173   31.2431   2.90286
     99.25   32.9275   31.3477   2.89762
      99.5    32.987   31.4089   2.90853
     99.75    33.052   31.4698    2.9056
       100    32.966   31.6119   2.92269
    100.25   32.9802   31.6225   2.91333
     100.5   33.1096   31.7963   2.91263
    100.75   33.1612   31.8173   2.92179
       101    33.323    31.855   2.92043
    101.25   33.3825   31.8872   2.90826
     101.5   33.5014   31.9592   2.90583
    101.75   33.6591    32.013   2.92489
       102   33.7665   32.1125   2.91717
    102.25   33.8665   32.2201   2.91366
     102.5   33.9977   32.2343   2.92591
    102.75   34.1121   32.2594   2.93209
       103   34.1499   32.3977   2.93553
    103.25   34.2644   32.4395   2.92983
     103.5   34.4717   32.5366   2.93914
    103.75   34.5871   32.6496   2.93332
       104   34.6266   32.6967   2.97255
    104.25   34.6307   32.7993   2.94005
     104.5   34.7072   32.8417   2.96516
    104.75    34.786   32.8488   2.97325
       105   34.9198   33.0083   2.97667
    105.25   35.0288   33.0525   2.97656
     105.5   35.1765   33.0757   2.95973
    105.75   35.3672   33.2071   2.98027
       106   35.5408   33.2549   2.97128
    106.25   35.5766   33.1929   2.96371
     106.5   35.7538   33.1991   2.96923
    106.75   35.9457   33.2185   2.97799
       107   36.1034    33.299   2.98107
    107.25   36.2346   33.3479   2.96614
     107.5   36.2919   33.3675   2.99215
    107.75   36.2806   33.4443   2.97983
       108   36.4074   33.6003   3.02249
    108.25   36.4337   33.6844   2.99732
     108.5    36.515   33.7873   2.99779
    108.75   36.6814   33.7683   3.00171
       109   36.8494   33.8658    2.9997
    109.25   36.9199   33.9427    3.0063
     109.5   37.0611   33.9666   2.99547
    109.75   37.0172   33.8826   3.00549
       110   37.0648   33.8749   2.99927
    110.25   37.1991   33.9916   3.00779
     110.5   37.3438   33.9723   3.01436
    110.75   37.4598   34.0976   3.02179
       111   37.6183    34.103     3.015
    111.25   37.7407     34.27   3.01436
     111.5     37.88   34.3894    3.0378
    111.75   37.9871   34.5286   3.03602
       112   38.0545   34.6592   3.04692
    112.25    38.074   34.6999    3.0517
     112.5   38.2887   34.8675   3.06197
    112.75   38.4795   34.8361   3.06017
       113   38.6272   34.9481   3.06151
    113.25   38.7421    35.073   3.05687
     113.5   38.7496   35.1747   3.07014
    113.75   38.8221   35.2024   3.07109
       114   38.9186   35.2367    3.0781
    114.25   38.9166   35.2519   3.08572
     114.5   39.1002   35.3728   3.07965
    114.75   39.2009   35.5049   3.08114
       115   39.0608   35.5579   3.09331
    115.25   39.1008   35.6181   3.08542
     115.5   39.0988   35.7131   3.07328
    115.75   39.1207   35.7808   3.08284
       116   39.0633   35.8997    3.0655
    116.25   39.1421   35.9374   3.07932
     116.5   39.2447   36.0027   3.10169
    116.75   39.4073   36.1108   3.08894
       117   39.4086    36.268   3.09348
    117.25   39.3111   36.2047   3.09354
     117.5   39.3237   36.3067   3.11005
    117.75   39.4248   36.3931   3.11409
       118   39.5471   36.5298   3.10894
    118.25   39.6363   36.6801   3.11023
     118.5   39.7016   36.6725   3.13211
    118.75   39.7908   36.7658   3.13514
       119   39.9097   36.7877   3.13194
    119.25    40.052   36.8621   3.13184
     119.5   40.2369   36.9629   3.13532
    119.75   40.3697   36.9073   3.13852
       120   40.4633   37.0815   3.13984
    120.25   40.5038   37.2092   3.13893
     120.5   40.5781   37.3445   3.14259
    120.75   40.5747   37.4887   3.14443
       121   40.5964   37.6374   3.15189
    121.25   40.6475   37.6751   3.13361
     121.5   40.8002   37.7381   3.14652
    121.75    41.067   37.9052    3.1405
       122   41.1768   38.0616   3.14401
    122.25   41.1646   38.0896   3.15541
     122.5   41.1922   38.1686    3.1421
    122.75   41.3112   38.2009   3.15967
       123   41.4538   38.2487   3.16732
    123.25   41.5727   38.3535   3.15217
     123.5    41.685   38.4275   3.15753
    123.75   41.9789   38.4088   3.14765
       124   42.0739   38.4537   3.15407
    124.25   42.0413   38.4962   3.14352
     124.5   42.0395   38.5438   3.17036
    124.75   42.0649   38.6378   3.16515
       125   42.1787   38.6633   3.18487
    125.25   42.2826   38.6702   3.16386
     125.5   42.2675   38.6881   3.16263
    125.75   42.2425   38.7193   3.18064
       126   42.2716   38.7688   3.16159
    126.25   42.3837   38.7952    3.1739
     126.5   42.4794   38.8938   3.18039
    126.75   42.6037   39.0422   3.18365
       127   42.6592   39.0521   3.17808
    127.25   42.7855   38.9774   3.19684
     127.5   42.8452   39.1271   3.17764
    127.75   42.9096   39.3111   3.18029
       128   42.9422   39.3273   3.18912
    128.25   43.2181   39.4074   3.19122
     128.5   43.2671   39.4737   3.19757
    128.75   43.2216   39.5134    3.2061
       129   43.2518   39.6007   3.21769
    129.25   43.2708   39.6069   3.18873
     129.5   43.3545   39.7959   3.19092
    129.75   43.3618   39.8531   3.21261
       130   43.4642   39.8659   3.21236
    130.25   43.4658   40.0642   3.18837
     130.5   43.5629   40.2624   3.23056
    130.75   43.6962   40.4254   3.20698
       131   43.9219   40.4625   3.20588
    131.25     43.98   40.4124   3.20612
     131.5    44.069   40.5996   3.20281
    131.75   44.1931   40.6752   3.20419
       132   44.3766   40.7836   3.21229
    132.25   44.3826   40.8168   3.21573
     132.5   44.4638   40.9654   3.22241
    132.75    44.473   41.0492   3.20892
       133   44.5796   41.1622   3.22225
    133.25   44.7163   41.2173   3.21293
     133.5   44.7555   41.3018   3.22894
    133.75   44.7909   41.3303   3.24327
       134   44.7909   41.3166   3.22791
    134.25   44.9295   41.3731   3.23831
     134.5    44.957   41.4624   3.23909
    134.75   45.0356   41.4073   3.25184
       135   45.1339    41.556   3.24989
    135.25   45.2793   41.5829   3.22617
     135.5   45.3444   41.6462   3.26134
    135.75   45.4413   41.6663    3.2587
       136    45.539   41.6012   3.25446
    136.25   45.6784   41.7048   3.25996
     136.5   45.8501    41.789   3.26087
    136.75   46.0301   41.8128    3.2714
       137   45.9914    41.814   3.26651
    137.25    46.116   41.8541    3.2809
     137.5   46.4349   41.8514   3.23858
    137.75     46.53   41.9358   3.25448
       138   46.6135   42.1012   3.26338
    138.25   46.7115   42.1406   3.27201
     138.5   46.8935   42.3154   3.25085
    138.75   46.8403   42.4639   3.28108
       139   46.7672   42.4815   3.27055
    139.25   46.8073   42.6353   3.29425
     139.5    46.981   42.7313   3.27145
    139.75   46.9312   42.8275    3.2819
       140   46.9859    42.951   3.27953
    140.25   46.9826   43.0413   3.28004
     140.5   46.9704   43.2152   3.26863
    140.75   47.1013    43.503   3.28027
       141   47.0279   43.6282   3.29367
    141.25   47.0998   43.7991   3.31609
     141.5   47.0272    43.843    3.2953
    141.75   47.1136   43.9919   3.30093
       142   47.2474   44.1675   3.29817
    142.25   47.1874   44.4234      3.31
     142.5   47.0875   44.6276   3.29253
    142.75   47.1286   44.6877     3.292
       143    47.075     44.66    3.2859
    143.25   47.2139   44.7231   3.29205
     143.5   47.4686   44.8762   3.28515
    143.75    47.544   44.8011   3.27865
       144   47.6061   44.8068   3.29547
    144.25   47.7321   44.7921   3.29946
     144.5    47.933   44.8854   3.29756
    144.75   48.1206    44.949   3.31191
       145   48.1146    45.045   3.28879
    145.25    48.161   44.9675   3.30172
     145.5   48.1718   45.0976   3.29583
    145.75   48.2142   45.2214   3.30724
       146   48.3112   45.2689   3.28944
    146.25   48.3829   45.3771   3.30245
     146.5   48.4766   45.4587   3.30185
    146.75   48.5588   45.4692   3.31551
       147   48.5305   45.4947   3.29575
    147.25   48.5435   45.4785   3.30073
     147.5    48.742   45.6169   3.32038
    147.75   48.6364   45.6489   3.29787
       148   48.5259   45.7081   3.29883
    148.25   48.6411   45.8628   3.30582
     148.5    48.744   46.0979   3.29944
    148.75    48.867   46.0581   3.29029
       149   48.9168   46.1301    3.2923
    149.25    49.033   46.3732   3.31239
     149.5    49.222   46.5817   3.30669
    149.75   49.3525   46.7833   3.31382
       150   49.4802   46.8361    3.3149
    150.25   49.5698   47.0279   3.31021
     150.5   49.4757   46.9605   3.31572
    150.75   49.4034   46.9687   3.30864
       151   49.5062   47.0594   3.34141
    151.25   49.6059   47.0741   3.32967
     151.5   49.7433   47.2334   3.31374
    151.75   49.6982    47.257   3.32775
       152   49.8784   47.3497   3.31447
    152.25     50.02   47.3552   3.32266
     152.5   50.1274   47.3172   3.31511
    152.75   50.2875   47.4011   3.33798
       153   50.4245   47.5352   3.32984
    153.25   50.5524   47.6582   3.32537
     153.5   50.5977   47.8033   3.32561
    153.75   50.6858   47.9615    3.3231
       154   50.7705   48.0815   3.31293
    154.25   50.8924   48.1698    3.3212
     154.5   51.0683   48.1939   3.32203
    154.75   51.2776   48.1211   3.32086
       155   51.3666   48.1685   3.32776
    155.25   51.5853   48.2341   3.32606
     155.5   51.6577   48.3186   3.30786
    155.75   51.7354   48.3263   3.31625
       156    51.865   48.3602   3.34092
    156.25   51.8478   48.4644   3.32981
     156.5   51.9332   48.5713   3.32285
    156.75   52.0245   48.6847   3.33707
       157   52.1022   48.7852   3.34844
    157.25   52.1808   48.8334   3.33761
     157.5   52.2646   48.7881   3.34517
    157.75   52.3525   48.8128   3.34893
       158    52.594   48.8598   3.36696
    158.25   52.7283   48.9455   3.35615
     158.5   52.9493   49.0379   3.34633
    158.75   53.0707   49.1772   3.34732
       159    53.188    49.043    3.3403
    159.25   53.1616   49.1083    3.3534
     159.5   53.2343   49.1577   3.34721
    159.75   53.2262   49.2621   3.34966
       160   53.3506   49.5371   3.34892
    160.25   53.3218   49.6776   3.35337
     160.5   53.2208   49.8666   3.34332
    160.75   53.2328   50.1042   3.34632
       161   53.2374   50.3229   3.35676
    161.25    53.354   50.4682   3.35292
     161.5   53.3465   50.4081   3.33717
    161.75   53.4103    50.433   3.36622
       162   53.4034   50.6171   3.35697
    162.25   53.4369   50.7623   3.35407
     162.5   53.4048   50.9026   3.35629
    162.75   53.4183   50.8401    3.3552
       163   53.4756   51.0103   3.36279
    163.25   53.6133   51.0142   3.37373
     163.5   53.8104   51.1045   3.37356
    163.75   53.9014    51.188   3.36551
       164    53.918   51.2396   3.37267
    164.25   53.9762   51.2349    3.3769
     164.5   53.9643   51.3034   3.38087
    164.75    53.978   51.3652   3.36654
       165   54.2153   51.4506   3.38274
    165.25    54.355   51.5337   3.37251
     165.5   54.5414   51.5805   3.37358
    165.75   54.4334   51.7042   3.34977
       166   54.3559   51.7377   3.34959
    166.25   54.5241   51.6487   3.37746
     166.5   54.6212   51.6618   3.38219
    166.75   54.8027   51.7693   3.38176
       167   54.9752   51.7339   3.39737
    167.25   55.0097   51.7999   3.38935
     167.5   55.1175   51.7709   3.39478
    167.75   55.2851   51.7934   3.41829
       168   55.3386   51.8747   3.38556
    168.25   55.2756   51.9587   3.40525
     168.5   55.3386   52.0706   3.39643
    168.75   55.3246   52.0368   3.39192
       169   55.4986   52.1667   3.39844
    169.25     55.53   52.2993   3.40721
     169.5   55.6421   52.4036   3.39859
    169.75   55.7802   52.4638    3.3823
       170   55.7773   52.4516   3.38982
    170.25   55.8776   52.6147   3.39554
     170.5    55.943   52.5587   3.40119
    170.75   55.9773   52.5974   3.39138
       171   55.9737   52.6595   3.39039
    171.25   56.1917   52.7046   3.41299
     171.5   56.3124   52.7182   3.41326
    171.75   56.3442   52.6978   3.40547
       172   56.3693   52.9448   3.42209
    172.25   56.4759   53.1408   3.43327
     172.5   56.7004   53.3366   3.42328
    172.75    56.662   53.5956   3.41775
       173   56.7962   53.7173   3.41924
    173.25    56.921   53.8607   3.42546
     173.5   57.0555   53.8637   3.41991
    173.75    57.188   53.8699   3.42812
       174   57.3858   53.9366   3.42309
    174.25   57.4319   53.9656   3.42787
     174.5   57.4298   54.0258   3.42639
    174.75   57.4174   54.1578   3.41861
       175   57.6408   54.2187   3.42808
    175.25   57.8669   54.3443   3.44537
     175.5   57.8082   54.3475   3.44679
    175.75     57.88   54.4069   3.45047
       176   57.9277   54.4579   3.43117
    176.25   58.1422   54.5181   3.44927
     176.5   58.1606    54.554   3.45364
    176.75     58.35   54.7813   3.42315
       177   58.4968   54.8665   3.42413
    177.25    58.492   54.8942   3.46191
     177.5   58.4305   55.0721   3.43054
    177.75   58.5839   55.2228   3.44959
       178   58.6226   55.4261   3.43681
    178.25   58.6086   55.5356   3.43373
     178.5   58.8012   55.6899   3.42642
    178.75   58.9971   55.7815   3.44431
       179   59.1093   55.8348   3.43717
    179.25   59.2186   55.9514   3.44362
     179.5   59.2196   56.0711   3.44984
    179.75   59.3528   56.0658   3.44823
       180    59.523   56.1292    3.4621
    180.25   59.6915   56.1748   3.45865
     180.5   59.8397   56.2235   3.46392
    180.75   60.0614     56.29   3.46665
       181   60.2028   56.1154   3.47794
    181.25   60.1427   56.1928   3.47785
     181.5   60.0419   56.3041   3.45353
    181.75   60.3094   56.3789     3.478
       182   60.2813   56.4153   3.46324
    182.25   60.3195   56.4633   3.47026
     182.5   60.5314    56.664   3.46286
    182.75   60.6597   56.8194   3.47908
       183   60.7913   56.9543   3.48375
    183.25   60.8097   56.9046   3.47227
     183.5    60.883   56.9364    3.4841
    183.75   60.8233   57.0274   3.46783
       184   60.8392    57.163   3.48058
    184.25   60.8981   57.2886   3.47173
     184.5    61.031    57.431   3.48431
    184.75   61.1761   57.5274    3.4798
       185   61.2024   57.6647   3.48542
    185.25   61.2589   57.8332   3.50013
     185.5   61.3573   57.8467   3.48757
    185.75   61.3396   57.8665   3.48381
       186   61.3959   57.9777   3.46134
    186.25   61.4406   57.9602   3.48356
     186.5   61.4973   58.0978   3.49486
    186.75   61.5955   58.1598   3.49169
       187   61.7652   58.2237   3.49862
    187.25   61.9234   58.3279   3.47712
     187.5   61.9258   58.3397   3.47629
    187.75   61.8688   58.4223   3.49718
       188   61.9223   58.5183   3.49193
    188.25   61.9734    58.566   3.50193
     188.5   62.1416   58.6659   3.48775
    188.75   62.2745   58.8402    3.4782
       189   62.4789   58.9666   3.49158
    189.25   62.7626   59.1045   3.49081
     189.5   62.9247   59.1767    3.4794
    189.75   62.8979   59.2342   3.50561
       190   62.8929   59.2642   3.49314
    190.25   63.0742   59.3552   3.50213
     190.5   63.1777   59.4292   3.50719
    190.75   63.1167   59.5916   3.50082
       191   63.2177   59.6387   3.49297
    191.25   63.1997   59.7896   3.50099
     191.5   63.2413   59.8166   3.49829
    191.75   63.3725   59.9271    3.4917
       192    63.428   59.9274   3.47953
    192.25   63.3471   60.1426   3.50823
     192.5   63.3613   60.2532    3.4652
    192.75   63.3761   60.3414   3.46079
       193   63.5069   60.4492   3.49263
    193.25   63.5353   60.4838   3.47294
     193.5   63.6601   60.4513   3.49407
    193.75   63.7209   60.4852    3.4889
       194   63.8667   60.5357   3.48739
    194.25   63.9337   60.4754   3.50426
     194.5   64.0808   60.4962   3.48462
    194.75   64.1641   60.6599   3.49298
       195   64.2988    60.775   3.50136
    195.25   64.4459   60.8543    3.4848
     195.5   64.6584   60.9568   3.50129
    195.75   64.7182   61.0802   3.48786
       196   64.8129   61.0659   3.49989
    196.25   64.7383   61.0528   3.48577
     196.5   64.6268   61.0849   3.46302
    196.75   64.7942   61.2508   3.49603
       197   64.8488   61.1216   3.45834
    197.25   64.9972   61.1719   3.48712
     197.5    65.054   61.3467   3.48911
    197.75   65.0142    61.545   3.50306
       198   65.0307   61.7418    3.4627
    198.25   65.1631   61.7062    3.5002
     198.5   65.2628   61.8174    3.4805
    198.75   65.3835   61.7074   3.49725
       199   65.5078   61.8976   3.49969
    199.25   65.5792   61.8899   3.51652
     199.5   65.6061   61.9861   3.50487
    199.75   65.7602    61.943    3.5273
       200   65.7866   62.0491   3.50754
    200.25   65.8907   62.2774   3.52395
     200.5   65.9902   62.2949   3.51557
    200.75   66.0981   62.5414   3.51554
       201   66.2062     62.63   3.51505
    201.25   66.2816   62.7166   3.53534
     201.5   66.5535   62.8124   3.53131
    201.75   66.5302   62.8633   3.52682
       202   66.6666   62.9083   3.54816
    202.25   66.6265   63.0164    3.5316
     202.5   66.6513   63.0048   3.52837
    202.75   66.7335   63.1624   3.54026
       203   66.7535   63.2539   3.57304
    203.25   66.9017   63.1317    3.5687
     203.5   67.1186   63.1395   3.55649
    203.75   67.2139   63.1886   3.56698
       204   67.4139   63.3029   3.56341
    204.25   67.5924   63.2811   3.54089
     204.5   67.6955    63.247   3.56845
    204.75    67.833   63.3064   3.55557
       205   67.7748   63.4701   3.56294
    205.25   67.7737   63.6134   3.56211
     205.5   67.7705   63.7965   3.55393
    205.75   67.8018    63.943   3.56167
       206   67.8807   64.0388   3.56012
    206.25   67.9959   63.9384    3.5662
     206.5   68.0848   64.1148   3.59083
    206.75   68.1168   64.2228   3.56877
       207   68.2097   64.3671   3.57394
    207.25   68.3404   64.3105   3.55065
     207.5   68.4494   64.3512   3.58028
    207.75   68.5389   64.3894   3.56528
       208   68.5608   64.5439   3.57872
    208.25   68.7772   64.7535   3.57328
     208.5   68.9478   64.8485   3.55946
    208.75   69.0335   64.8899   3.56073
       209   69.1942   64.9354   3.55596
    209.25   69.3012    65.008   3.57938
     209.5   69.4381    65.175   3.55696
    209.75   69.5289   65.3423   3.56468
       210   69.5833   65.4111   3.55984
    210.25   69.5549   65.4817   3.55695
     210.5   69.5679   65.6618   3.56275
    210.75   69.6226   65.7849   3.56617
       211   69.7313   65.8706   3.56519
    211.25   69.8245   65.9333   3.55604
     211.5   69.8613   65.9726    3.5679
    211.75   69.7711    65.963   3.58077
       212   69.8218   66.0578   3.59355
    212.25    69.833   66.1244   3.59267
     212.5    69.838   66.2559   3.59435
    212.75   70.1042   66.4087   3.58562
       213   70.2924     66.43   3.56192
    213.25   70.4032   66.4316   3.59072
     213.5   70.5382   66.4879     3.575
    213.75   70.6047   66.4462   3.56841
       214    70.731   66.5634   3.56118
    214.25   70.8287   66.6812   3.56692
     214.5   70.9038   66.7326   3.56428
    214.75   70.9054   66.7925   3.56418
       215   71.1434   66.8368   3.55776
    215.25   71.1615   66.8301   3.57849
     215.5     71.08   66.9613   3.55298
    215.75   71.0829   67.1274   3.58546
       216   71.1337   67.2451   3.58538
    216.25    71.173   67.3124   3.56625
     216.5    71.204   67.3985   3.57733
    216.75    71.255   67.5156    3.5565
       217   71.5692   67.6703   3.55338
    217.25   71.7307    67.783      3.56
     217.5    71.779   67.8529   3.56389
    217.75   71.9419    68.004   3.56013
       218   71.9125   68.0495   3.58196
    218.25   72.0599   68.0561   3.56694
     218.5   72.2049   68.1225   3.57275
    218.75   72.1529   68.4373   3.58474
       219   72.3717   68.6051   3.58371
    219.25   72.4734   68.6223   3.59724
     219.5   72.6051   68.7277   3.60973
    219.75   72.7387   68.7975   3.59731
       220   72.7785   69.0579   3.60534
    220.25   72.8671   68.9416   3.59014
     220.5   73.0212   68.9396   3.60945
    220.75   73.1642   68.7818   3.59224
       221   73.2136   68.9728   3.58295
    221.25   73.2863   69.2269   3.59597
     221.5   73.2038    69.248   3.58886
    221.75   73.2575   69.2806   3.59716
       222   73.1801   69.2193   3.60763
    222.25   73.2139   69.2349   3.61588
     222.5   73.3406   69.2252   3.59063
    222.75   73.3351   69.3277   3.59659
       223   73.5945   69.3966   3.59664
    223.25   73.7413    69.545   3.59978
     223.5    73.738   69.4874   3.59379
    223.75   73.7399   69.4095   3.60192
       224   73.8792   69.4272   3.61071
    224.25   74.1132    69.503   3.62236
     224.5   74.0476   69.5916   3.61538
    224.75   74.0352   69.7078   3.60587
       225   74.0382   69.7545    3.6399
    225.25   74.1219   69.8979   3.60137
     225.5   74.1902   70.1048   3.64484
    225.75   74.2587   70.0893   3.60547
       226   74.4745     70.21   3.60999
    226.25   74.6732   70.2244   3.64404
     226.5    74.825   70.3915   3.61937
    226.75   74.8316   70.4354    3.6485
       227   74.9428   70.4202   3.63058
    227.25   75.1818   70.4557   3.62898
     227.5    75.427   70.5295   3.64516
    227.75   75.5103   70.7579   3.63327
       228   75.5514   70.8672   3.65044
    228.25   75.6314   70.9319   3.66177
     228.5   75.8169   70.8848   3.64489
    228.75   75.9918   70.8585   3.64459
       229   75.9322   70.8698   3.65158
    229.25   76.0433   70.9118   3.64108
     229.5   76.2014   70.9765   3.65375
    229.75    76.273   71.1432   3.64258
       230   76.4788   71.3026   3.64947
    230.25   76.6547   71.3638   3.64395
     230.5   76.6526   71.4656    3.6614
    230.75   76.7072   71.6194   3.64826
       231   76.7045   71.6605   3.64299
    231.25   76.6466   71.7086    3.6536
     231.5   76.6181   71.8418   3.64432
    231.75   76.4487   71.8876   3.67268
       232   76.4927   71.8856   3.66183
    232.25   76.5444   71.8998   3.64153
     232.5   76.5658   71.9508   3.67163
    232.75   76.6266   72.1431   3.63247
       233   76.7669   72.3011    3.6434
    233.25    76.854   72.4927   3.65966
     233.5   76.9299   72.6191   3.64834
    233.75   76.9577   72.6878   3.64121
       234   77.0969   72.9376   3.65887
    234.25   77.0457   73.0617   3.66495
     234.5   77.0544   73.1053   3.65285
    234.75   77.1706   73.1729   3.66267
       235   77.3268   73.2541   3.68908
    235.25   77.4448   73.2264   3.66577
     235.5   77.5621    73.262   3.66336
    235.75    77.713   73.2555   3.68535
       236   77.8772    73.291    3.6901
    236.25   77.9517   73.2447   3.68141
     236.5   78.0133   73.4992   3.69121
    236.75    78.034   73.5028   3.68161
       237   78.0886   73.5204   3.67194
    237.25   78.2752   73.5851    3.6812
     237.5   78.1233   73.7787   3.69866
    237.75   78.1925   73.7566   3.67852
       238   78.2724   73.7645    3.6818
    238.25   78.4619   73.7605   3.69932
     238.5   78.6769   73.7166   3.67254
    238.75   78.8291   73.9423   3.68306
       239   78.9081   74.0505   3.68661
    239.25   78.9952    73.953   3.68907
     239.5   79.0364   73.8858   3.68415
    239.75   78.9834   73.9925   3.68056
       240   79.1123   74.0778   3.68397
    240.25   79.0674   74.0929   3.67488
     240.5   79.2231   74.0426   3.67088
    240.75   79.3902   74.0794   3.66753
       241    79.352   74.1055   3.68387
    241.25   79.3064   74.1734   3.65875
     241.5   79.2379   74.1384   3.65241
    241.75   79.5301   74.0439   3.67951
       242   79.6441   74.0559   3.64933
    242.25   79.6639   74.0382    3.6608
     242.5   79.7602   74.1989    3.6793
    242.75   79.7309   74.3679   3.66389
       243   79.8995   74.3989    3.6733
    243.25   80.0435   74.2768   3.68525
     243.5   80.3532   74.2732   3.72011
    243.75   80.6526   74.4973    3.7095
       244   80.9206   74.5691   3.66834
    244.25   81.1372   74.6603   3.69375
     244.5   81.0791    74.756   3.68677
    244.75   81.1952   74.9054    3.6659
       245    81.201   75.0117   3.67915
    245.25   81.2613   75.0522   3.67113
     245.5   81.4327   75.1025   3.64985
    245.75   81.5565   75.0755   3.66958
       246   81.7341   75.1624   3.66313
    246.25   81.8848   75.3087   3.65328
     246.5   81.8775   75.2688   3.67662
    246.75   82.0767   75.4634   3.66551
       247   82.2586   75.7833   3.69842
    247.25   82.2129   75.9693   3.67208
     247.5   82.2523   76.0777   3.68796
    247.75   82.2598    76.188   3.69285
       248   82.3597   76.2745   3.67412
    248.25   82.3812   76.4291   3.66337
     248.5   82.4065   76.6098   3.71022
    248.75   82.4726    76.638   3.67525
       249   82.6685   76.9573     3.675
    249.25   82.6587   77.0769   3.67416
     249.5   82.8184   77.1693   3.69166
    249.75   82.7577   77.3069    3.6953
