100556   44.4993   34.1665
100501   33.3788   39.2823
100515   34.0829   48.5232
100711   34.3285   48.6043
101177   50.0944   37.7154
101008   35.0854   51.1823
101452   34.6441   46.8572
101617    41.736   46.6601
101095   41.3678   43.6857
101329   40.9081   43.7452
102500   37.1257   47.6277
102637   37.0403   48.6255
102894   36.3657   47.8433
102964   39.5581   51.4478
102058   36.9611   50.9798
102632   44.4484   41.8296
102836   45.4968   44.6776
103258   36.7595   46.0529
103620   50.8346   45.6573
103640   53.1378   47.3635
103608   33.6024    45.732
103800   34.5304   52.4814
103239   39.3144   45.8021
104876   52.0294    38.774
104118   36.6542   37.5701
104093   38.2203   48.9335
104237   49.6358   44.9606
104700   50.0905   36.9616
104343   34.9476   52.6539
104523   37.1362   44.1067
105985   50.5188   34.0215
105055   50.1838   45.4192
105184   49.7888   45.0562
105144   45.3509   51.5179
105923   42.2111   51.0111
105991   43.0411   50.6872
106932   36.5472   44.9061
106126   39.0956   39.6661
106098   46.7086   34.7102
106861   40.9432   34.4696
106509   47.5135   48.9601
106533   47.6085   48.8739
106565   48.3679   49.2898
106077    51.985   46.6505
106087   51.9742   46.4232
106154   39.6233   52.7311
106642   45.3558   51.6064
106587   43.7917   51.1638
106468   50.3699    47.897
106599   43.0349   45.7683
106788   43.4287   45.9625
106992   44.0936   46.3446
106467   37.4423   40.7302
106202   39.7126   43.5132
107010   37.1757   44.8194
107071   37.2966   44.9414
107548   40.8389   33.9683
107655    41.213   34.3281
107736   41.2006   34.5667
107959   34.9638    49.608
108124   51.7916   44.2491
108525   52.7435   47.7268
108001   35.3785   43.9396
108426   35.1296   45.0604
108589   35.4343    45.231
108709   35.4954   45.3232
108810   34.5783   45.2905
109328   34.2752   38.9343
109215    52.089   44.1295
109255   52.3307   40.5601
109465   39.0139   35.6592
109497    39.232   35.3746
109465   49.7118   51.8403
109161   43.2422   34.3929
109241   43.5023   34.3271
109663   36.3655    43.741
109749   36.7738   43.3322
109784   36.6372    43.785
110869   49.7455   46.6795
110524   41.0782   44.2641
110607   47.8622   51.6044
110767   53.0622   35.8551
110407   34.5002   35.8469
111182   47.9226   46.1676
111400   48.0236   47.2924
111688   47.1539   37.7633
111944   47.6862   38.3919
111958    46.698   45.2902
111064   47.0921   51.2964
111107   48.3376   49.7607
111230    45.011   42.2703
111261   44.6772   42.0607
111452   42.8939   44.3997
111566   42.2502   44.7119
111604   42.4339   45.1117
112199   48.8675   43.5745
112359   47.2638   43.0774
112474   47.8367    42.996
112122   38.3376   39.0139
112323   37.5928   39.5019
112616   40.0375   41.0987
112744   40.0533   41.8497
112810   36.8749   44.8313
112099   47.0455   37.6748
112418   45.3379    38.653
112461   46.1635   38.9717
112526   46.1227   38.6014
112732   45.2483   39.3956
112611   36.5379   46.6184
112155   42.1946   44.2738
113408   42.9663    42.272
113483   42.2858   41.3091
113664   43.0395   40.3774
113728    45.709   36.8048
113772   45.5749   36.6555
113913   35.5342   50.4785
113063   37.9098   36.3011
113414   36.8258   36.5931
113139   46.1073   47.6627
113256   46.9214   47.4419
113288   46.5691   47.1469
113316   46.7001   47.2763
113507   46.3468   47.3656
113602   43.6802   34.5624
113602   38.9938   52.3494
114656   48.3313   35.1298
114808    48.248   34.6655
114870    48.325   35.0568
114651   37.3916   36.3242
114699   46.0811   37.2647
114238   43.5537   34.3775
114310   43.7388   35.0828
114485   44.0982   34.0442
114788   43.3601   34.3561
115950   42.8099   36.2304
115884   47.8295   33.2619
115943   48.3559   33.6135
115837   45.1421    35.094
115933   49.7974   50.5106
115870   35.8413    38.237
115056   44.1897   34.6266
115288   48.5824    44.724
115494   47.8778   44.6838
115605   48.3333    44.905
115659   47.9573   45.0661
115700   47.9395   44.9334
115803   48.0714   44.2142
115238   38.0536   43.7959
115603    38.396   44.8797
115140   42.4344   41.0591
116079   43.2398   36.5612
116278   43.1348   38.7625
116337   46.3248    44.858
116514   45.6683   44.2257
116600   45.0654   44.3788
116407   42.5725   51.1788
116603     39.43   43.2498
116884   37.9622   43.4143
117248   43.4181   37.2304
117888   34.0314   44.7985
117073   47.9639   36.3375
117344   48.1604   36.8496
117937   37.5578   51.4227
117089   45.4397   43.4318
117108   51.7599   33.0182
117758   41.0553   41.6499
118731   49.4978   37.9041
118602   44.8186   39.1041
118761   44.4808   39.0616
118585   44.2878   36.5422
118990   37.6445   52.4692
118933   43.3236   48.2948
118798   48.2823   43.1511
118993   47.4272    43.372
119405    42.967   36.9177
119084   50.5363   47.1462
119269   50.7312   47.2622
119250   48.9634   49.4364
119580   48.0086   48.2199
119835   34.3551   45.9218
119197   41.5163   49.9519
119382   40.4324   51.5094
119842   39.0301   50.3886
119392   36.2629   42.8126
119988     42.24   45.8335
119144   37.7891    52.005
120522   38.9056   46.8896
120783   38.8857   46.1633
120801   50.2785   35.3805
120545    34.839   39.9441
120893   47.9283   52.5505
120328   36.7286    49.502
120014    49.117   39.3567
120258   48.4346   39.2035
120552   48.9622   37.7956
120756   49.3146   37.4659
120119   42.0018   46.5603
120483   42.4423   42.9327
120516   42.4152   42.9899
120569     41.83   43.4504
120757   41.8579   42.3099
121427   51.4912   47.6358
121552    50.892   46.8776
121062   37.3959   49.4422
121057   47.1414   34.9326
121436   41.5306   45.1005
121488    41.836   45.2484
121142   41.0537   42.3964
122624   51.7038   35.9209
122667   51.5942   36.0483
122713   51.5393   35.8507
122328   37.4772   46.5967
122143   35.8943   39.2945
123265   44.7623     42.09
123793   43.2549   42.2708
123814   43.2807   42.5353
123826   43.0432   42.5955
123350   46.9628   52.4245
123442   44.7369   37.6681
123744   44.2847   36.4238
123472   51.8914   45.4377
123624   52.0713   45.6089
123476     38.68   48.0422
123218   42.2214   41.3791
123888   40.5862   40.7838
123924   40.5886   40.3545
124098   51.2327   45.1361
124070   51.0498   48.2012
124843   35.8907   33.3046
124035   43.4161   47.0432
124194   42.7563   46.9454
124339   42.9235   47.7796
124475   43.5108   47.0172
124259   35.9061   49.4823
124283   35.9351   49.5347
124817    35.393   35.7416
124915   35.3321   35.7784
124599    39.851   52.2397
124641   40.3412   52.8657
124774   39.7886   43.0758
125520   33.7285   36.1331
125697   33.6186   36.5955
125121   51.3163   46.0884
125272   51.0045    45.864
125310   50.5525   45.5661
125346   51.0409   44.9307
125329   51.3461   47.7979
125516    48.265    36.642
126998    37.208   39.1872
126346   49.2507   47.5787
126613   48.9008   47.5388
126811   50.6294   46.6835
126549   36.8314   34.8452
126804   35.9026   36.7473
126483   41.2401   45.1053
126389   48.6259   45.3158
126507   48.0838   45.6766
126830   48.4237   45.0585
127642   49.0057   39.7931
127680   49.1518   39.5106
127660   49.0627   47.0472
127809   48.5978   46.3959
127271   38.1631   35.3816
127414   46.4227    42.778
127625   46.2303   43.7184
128637   48.6506   39.3751
128793   48.1212   46.0029
128838   49.6636   48.5392
128850   42.8355   47.1579
128475   42.1201   47.8502
128437   42.0079   50.8666
128376    48.042     44.41
128130   46.3775   42.3508
128270   46.6853   43.6482
129845   50.5192   51.5704
129060   53.0503   40.7232
129144   52.4582   40.0047
129683   37.5411   46.2684
129996   36.6268   48.1572
129884   38.2476   51.5966
129108   49.6435   48.6214
129274   49.4541   48.1019
129308   50.0094   48.6773
129585   49.2698   46.3282
129241   40.6936   47.2078
129172   43.7758   49.8489
129447     47.27   45.0708
130257   50.6197   50.5856
130124   37.2167   48.0613
130072    37.953   52.0877
130449   33.9169   45.9031
130604   39.4919    46.634
130986   34.5859   45.8074
130855   43.9268   47.4677
130834   46.9913   41.5154
130990   47.1982   41.8471
131070    43.246   46.0163
131489   49.7097    41.371
131603   49.3354   41.5587
131660   46.9547   36.6611
131105   37.6481   42.9339
131593   33.4856   35.8893
131616   33.6682    35.724
131304   46.0222    42.327
132468   37.4677   46.8345
132578   38.5653   50.7939
133248    39.448   46.7278
133956   36.5846   46.3876
133533     40.12   50.7823
133949   39.6221   50.3775
133153   39.3151   49.1086
133023   36.3914   50.7158
133386   36.8871   50.4357
133589    36.012   50.3095
133752   35.8677   47.7391
133600   48.5481   35.5658
133542   37.5977   51.8359
133618   37.8091   52.1159
134686   41.9794   33.9767
134316   43.3015    43.679
134025   36.6332   46.2412
134188   36.7271   46.1743
134855   38.6168   44.4935
134681   38.5989   47.2863
134382   38.9768   33.4129
134417   38.9247    33.344
134146   36.4829   50.0029
134356   36.5702   48.5019
134926   38.4252   38.6871
134293   35.0442   47.6244
134418   34.6412   47.4626
134972   39.9322   36.7456
134992   40.0447   36.7565
134233   37.5947   52.0684
134247   51.4991   38.6963
135085    38.147   46.1169
135735    39.101    43.994
135850    43.699   42.1019
135901   43.9807   42.7485
135345   34.2845   47.9215
136803   36.1076   47.2564
136777   33.4898   47.2066
136806   33.3852   47.1944
137628   46.6025   43.5769
137893   37.2708   45.0415
137937   47.8704   51.1432
137400   45.0271   37.9228
137819   44.6942   37.8577
138036   46.5671   48.1549
138145   47.0651   51.1909
138277   47.4374   51.4629
138843   36.6897   40.0774
139774   50.7224   49.6103
139848   45.7456   49.8253
139878   49.6046   38.9054
140107   50.4404   49.7527
140412   36.1574   34.6745
140220   52.5589   35.3646
140164   47.7323   47.7494
140668   47.7369   48.8609
140779    47.158    48.319
140177   46.1877   41.7212
140237   46.9192   41.5563
140349   46.7141   42.0034
140625   46.4897   42.5009
141773   50.8727   45.1153
141453   47.1648   48.5099
141880   47.4773   48.2645
141498   36.2238   42.0131
141202   42.4074   41.8511
142253   42.8497   42.1376
143368   47.4265   50.2754
143534    42.165   52.3945
143611   41.9081   52.4079
143461   44.2999   51.0924
143027   42.5022   33.7124
143328   43.0467   33.1339
143557   44.7838   34.3515
144542   47.6089   45.5641
144626   47.7191   46.3388
144727   47.7635   46.4968
144313   43.7937    45.106
144346   43.8034   45.1091
144725   44.0916   45.4733
144135   36.8249   46.4035
144698   46.8317   44.1629
144768   47.3067   43.7288
144794   46.7342   43.8537
145460   48.1538   46.5018
145784   40.0309    48.903
145547   39.4142   51.5754
145661    39.399   52.2842
145889    39.419   51.8587
145307   40.8619    39.372
145519   40.0371   39.4222
145554   40.3529   40.0352
145599   45.6759   45.8774
145971   46.1084   45.7578
146400   50.1025   39.3823
146414   50.3456   39.4811
146501   49.4313   39.7211
146907   39.5543   43.5845
146064   46.9012   47.4423
146338   44.6735   38.0598
146188   40.4117   39.7189
146664   41.7878   44.3716
146696    41.675    44.525
146745   42.2768   44.6528
146328   45.3608   44.5451
146504    45.746   43.8546
146707   45.9997   44.5292
146905   45.4574   44.4925
146274   43.0147   40.3544
146316   42.9696    40.458
147999   49.0704   41.4262
147368   40.0293   43.4661
147834   45.2947   41.8027
148578   33.9902   49.0429
149427   49.8858   48.2345
149699    37.075   39.0715
149883   42.7423   36.3776
149079   36.4187   51.4479
149129   39.0824   52.6993
149558   43.3425   33.5881
149698   43.4577   33.6225
149928    44.182   33.6979
149495   45.8717   39.9918
150447   49.1772   38.3504
150193   42.5191   34.9737
150379   43.0878   34.7106
150054   38.0367   46.3311
150084   38.0973     46.62
150325   37.6898   45.8205
150515   38.0307   45.9378
150692   38.4489   45.8916
150631   43.8525   39.4117
150878   43.8981   39.6852
151179   49.4422   39.4429
151566    49.324   40.2921
151741   49.9499   41.0335
151749   35.6764   34.1122
151793    35.897   33.2001
151385   44.4783   37.9942
151684   45.1741   40.1525
151572   42.8206   34.1726
151662    42.915   34.9675
151137   37.3503   47.0279
151230   36.5434   47.4497
151266   36.9353   47.5008
151389    36.676   47.6418
151613   39.8631   38.9196
151672   36.4258   41.5872
153776   40.6071    50.569
153946   39.6485    50.851
153627   40.9618   37.5709
154291   47.6521   34.6053
154465   47.1386   35.1348
154502   47.0803    35.147
154434   39.5769   51.5078
154400   45.1554    43.876
154767   44.8186    43.013
154943   45.5643   43.5915
154646   44.3377   34.6729
154021   39.8189   49.9003
154023   38.1042   52.9613
154305   46.6341   39.2919
154762   38.0457   39.3482
155296   43.4078   37.5464
155156   45.8444   43.2933
155961   45.2827   43.3625
155295   33.9319   35.1111
156049   50.6622   45.2665
156354   50.7055   45.7245
156980    50.871    45.267
156342   37.0155   37.6122
156014   45.7903   43.4049
156089    46.064   43.6022
156441   45.4337   43.3096
156879    44.184   36.2575
156347   42.7231   44.8739
156627   42.4497   44.3795
156042   44.8171   48.3166
157256   47.3475   36.3372
157944   46.9146   42.4936
157987    46.681   42.5706
158434   49.6204   51.7333
158945   36.5441   44.0244
158872   49.0929   40.6261
158939   47.3351   38.6912
159654   48.7878   37.3657
159683   48.6712    37.451
159744   50.6924   47.7513
159642   48.9799   51.7177
159882   49.5301   51.0289
159273    46.678    42.625
159865   42.6133   39.6311
159897   42.1329   39.2486
159830   48.3914    49.073
159297   48.5844   40.6725
159461   48.7069   41.4487
159212   47.5312   39.0209
159877   46.9279   39.6281
160372   49.2344   46.6295
160785   48.3073   47.5086
160950   48.7173   47.9981
160240   35.7741    37.969
160525   38.4543   36.0182
160102   49.3466   51.5078
160623   51.4411   50.5425
160616   36.9035   40.6979
160091   43.7729   39.3219
160133   44.0748   39.1489
160422    43.545   39.2053
160467   43.5008   39.5178
160604   33.9851   50.6123
160697   33.8844   50.7454
160516   51.3636   47.8315
160780   50.9054   48.1956
160917   35.8567   51.5437
160091   36.7969   39.7136
160269   37.8433   40.3416
161119   44.3485   51.4966
161856   49.0899   50.6656
161979   47.5043   50.7541
161515   43.9676   48.9193
161757   36.3933   42.3851
161799   36.7588   42.5616
161955   37.8215   42.0624
161801   48.9546   48.1873
161899   48.8106   47.9959
161532   48.9152   51.5359
161470   50.7739   49.5567
161675   45.3013   33.4738
162690   44.3592   49.3328
162978   44.0498   49.4407
162426   48.4715   35.5842
162145   49.6853   49.9088
162380   50.2936   49.3939
162060   36.4146    46.482
162278   37.1749   46.4586
163832   49.0377   50.8024
163452   44.8553   36.4704
163559   44.7216   36.7354
163613   45.2577   37.1001
163793   43.9174   36.7168
163631   38.5353   33.9232
163207   34.5777   45.4731
163081   37.7232   37.0243
163216   37.6779   37.1752
163512   38.2179   36.9124
163753   38.6671   36.3915
164824   46.6176   39.1709
164074   49.8168    51.297
164580   49.9396   51.4298
164821   50.1641   51.2424
164965    41.419   51.8458
164110   42.3039   45.0218
164324   41.9952   44.9995
164116   38.2162   36.2786
165433   34.7471   38.9116
165458   34.4483   39.2624
165685   41.6521   36.8429
165627   48.0169   37.0417
165423   38.6428   52.2294
165673   53.2444   47.3373
165116   41.1879   51.6792
165250   41.3432    51.984
165615   43.2463   52.7017
165681   50.6819   46.8517
166021   50.4336   39.3502
166016   44.0839   51.6552
166379   43.5961   49.1781
166458   44.0955   48.9281
166501   49.2093    48.559
167157   51.2121   42.0587
167104   35.2756   52.3031
167508   52.8031   40.2343
167457   36.6913   49.1989
167034   41.5099   51.1653
168587   52.4058   47.1057
168042   51.8073   38.5596
168077    52.212   38.8915
168490   35.6569   45.2322
168654   36.8257   45.8735
168896   38.0598   45.4343
169485   46.7923   48.6929
169840   47.7121   42.5605
170555   47.8586   40.6421
170348    47.435   44.5518
170235    50.335   47.9176
170001   39.7662   46.3343
170126   38.9016   47.4267
171544   39.0627   43.9341
171538    51.752   46.1194
171769   52.3265   46.5868
171511   52.3778    35.971
171790   41.6981   50.1293
171430   38.1717   48.3475
171480   38.4268   48.7117
171621   38.9332   48.7311
171932   39.6625   49.1452
171682   42.3677   49.3778
171912   50.3836    44.606
171371   50.1186   34.8789
171527   40.3634   46.1572
171723   44.3154   47.3988
171227   50.7587   48.4457
171855   48.5225   48.9896
171891   48.3279   49.3569
172345   49.1728   52.8642
172771    41.054   37.1475
172763    46.731   40.6982
172403   50.2511   40.1637
172964   51.2202   36.3534
172026   40.7893   50.9553
172092    37.731   50.4487
172282   38.0871   50.5671
172328   37.6436   50.9333
172075   44.2781    43.377
172855   44.1136   42.2972
172910   43.7863   42.0915
172952   43.7993   41.2994
172667   49.4352   45.9721
172852   38.7757   47.3708
173113    46.315   40.8532
173339   47.3437   41.3759
173825    46.084   40.5263
173491   49.2454   42.4549
173520   40.6889   44.8622
173673    40.493   44.8957
173082   51.0203   36.6674
173152    39.707   52.2193
173621   42.3281   52.0312
173806   51.8056   45.0416
173976   51.9036   43.9114
173165   44.6253    42.462
173238   44.7803   42.3145
173545   46.3007   42.3846
173798   40.6212   40.6348
173590   34.8903   40.8827
173461   39.4917   47.5785
174166   38.9705     43.92
174273   39.5641   43.7035
174034   39.8334   47.3972
174844   38.3637   48.1767
174517    41.302   36.5787
174603   41.0709   36.4451
174319   52.0174   44.5984
174558   50.1845   48.8901
174473   46.2451   34.8746
174056   37.5497   45.2525
174190   40.8392   45.9768
174096   47.2354   51.6549
174535   44.3431   42.2746
174703   44.3369   41.9886
174800    44.082   41.8767
174160   36.8281   49.4366
174941   35.9121   49.7962
175308   43.6323   38.8142
175482   49.4235   40.8079
175577   49.8605   40.9712
175353   35.5884   43.3865
175443   40.8441    52.312
175672   37.2084   41.1781
175544   46.6466   39.6552
175050     44.52   41.9679
176318   35.3428   43.4714
176762   39.2779   52.0708
176194   50.2481   39.6412
176132   51.1817   44.9478
176359   37.4955   33.2273
176619   34.6191   34.4541
176725   34.2214   34.7872
176133   52.9995   42.9356
176300   52.6221    43.436
176346    52.641   43.4118
176355   52.6414   43.2878
177532   50.0546   40.8766
177703   45.7451   35.4853
177713   45.9109   35.5815
177866   45.7807   34.6912
177373    45.107   47.9845
177681    39.042   50.8958
177780   49.5535   45.2931
178853    41.039   48.2875
178427   48.6777    40.132
178267   35.1271   40.1341
178333   35.2455   40.0241
178230   39.0667   45.8482
178381   41.7664   45.2465
178412   41.4667      45.5
178441   41.0261    45.334
178492   41.1446   45.8161
178849   40.6563   45.5496
178369    47.366   52.2967
178524   48.3282   52.6747
178930   37.7399   41.0602
178716   46.8495   43.9433
179183    40.597   47.0887
179268   40.1565   47.4188
179371   40.3504   47.4414
179026   46.2931   51.4733
179432   40.6002   44.6576
179516   40.6363   44.6067
179576   40.3364   44.9562
179693   40.3001   45.1478
179994   40.8655    45.366
179857   52.4501   47.2545
180035   40.3735   48.2739
180141   40.1047   48.6604
180173   39.5878   48.6724
180237   39.1359   49.1879
180554   49.7333   42.1722
180832    33.632   41.3689
180127   40.8392   45.9955
180179   40.5837   46.1557
180665    40.595   46.5883
180107   46.0319   49.8345
180128   45.7699   49.6497
180085   49.4575   46.1627
180238   47.9872   47.0903
180734   50.8679   45.7333
180658   41.6539   52.0187
180816   42.3564   44.8766
180865   43.1512   45.5682
180876   43.1943   45.5813
181802   45.7784   36.1171
181848   46.0306   35.8671
181387   35.3347     46.52
181284   47.3623   46.8375
181601   48.4224   46.0314
181321   49.9197   43.1755
181529   49.7013   36.9542
181953   48.8829   37.8323
181988   49.1768   37.5763
181897   36.6827   38.5835
181625   51.4507   45.6589
182296   48.2868   34.8999
182276   50.6721   34.2722
182296   50.8633   33.8656
182343   50.6838    33.188
182088    51.694   52.0677
182223   51.8652   51.0659
182055   36.8841   38.5099
183106   37.9056   36.7298
183248   49.0417   42.0914
183393   49.4436   41.9834
183417   49.8852   41.5647
183467   50.1613    41.825
183371   46.3916   52.3322
183569   45.7104   52.7734
183235   45.1484   43.7037
183047    45.364   36.3051
183069   45.2974   36.4351
183750   45.8342   37.7299
183774   45.9606   37.4138
183801   46.7359    37.251
183867   46.6534   37.0544
184171   40.6392   46.5902
184741   49.7475   51.9198
184857   48.9582   52.0572
184400   44.7875    39.109
185811   39.6367    51.244
185845    39.922   51.4425
185314   35.1141   46.9269
185605   35.6224   47.3467
186487   39.5501   34.6688
186748   42.9746     51.68
186499   37.1921   35.3075
186222   39.4328    38.047
186183   45.7542   45.1134
186338   35.0155   33.7174
186221   35.7422   41.5896
186012   51.8366   47.3202
186138   51.6747   47.1346
186169   38.9355   45.8892
187399   38.8077   41.4792
187655    38.518   40.8377
187817   37.9042   40.9183
187142   47.2775   39.4829
187806   46.7298   40.2909
187301   39.4195   45.3875
187101   42.9087   50.5755
187422   41.1008   38.6253
187485   40.8787   38.6213
187679   39.8022   37.7611
187935   50.3483   46.8427
187265   36.8332   45.5275
187473   33.5321   50.4505
187573   33.6319   51.5147
187584   33.7806   51.6176
187855   33.5233   52.4981
188044   38.2664   42.2269
188802   39.9972   50.9377
188040   36.4105   40.3746
188089   36.7895   40.8216
188148   36.5231   36.0666
188656   51.5311    48.687
188238    40.462   42.0927
189934   38.6079   45.5914
189265   36.8224   40.5566
189429    36.882   40.7526
189519   37.0439   41.5296
189898    35.466   49.2715
189912   39.8063   38.9953
189092   39.5714   40.4732
189140   39.2915   40.6961
189173   39.3534   41.1888
189224   39.8837    40.995
189424   39.6593   40.3939
189589   39.4562   41.9448
190145   38.1134   44.7515
190505   36.3148   42.4876
190130   34.3988   48.6436
190540   49.6021   43.5825
190407   37.3773    38.859
190637   37.4644   39.5981
190507   35.1976   39.9661
190124    39.984   37.2388
190944   39.5633   41.3646
191469   37.9741   39.7042
191814   39.4526    38.569
191652     39.65   49.3029
191906   40.2515   48.6858
191455   51.9971   40.1274
191778   51.1753   39.7823
191163   41.4892   34.5427
191420   39.7766   41.4172
191216   48.0041   37.2047
191388   51.4526   35.3055
191932   50.5483   34.6698
191873   34.9959   42.5071
191941   35.7589   42.7479
191348   46.3339   47.5569
192333   34.6297   46.2089
192934   46.5513   39.2053
192014   39.9528     49.14
192094   39.9608    48.826
192970   44.0255   35.5525
192897   44.5157   37.7428
192068   50.6208   35.9905
192419   51.0104   35.6763
192079   46.6166   48.0569
193817   37.1919    38.189
193841   37.2784   38.4052
193649   35.9636   46.0212
193751   44.9572   42.6189
193657   38.1873   47.4942
193789   47.3002    43.143
193223   44.6773   42.1192
193306    44.821    41.488
193479   44.3836   40.1467
193242   50.6182     40.72
194695   40.1008   38.9659
194169   36.7492    47.634
194211   36.5302   46.5249
194808   43.2631   48.4842
194444   38.1273   36.0218
195950   39.5871    48.692
195997   39.8369   48.6555
195070   39.3097   38.9297
195303   43.1336   41.2427
195502   43.6437    41.482
195521   43.3649   41.7577
195577   43.7037   41.2861
195674   44.0836   40.8729
195605   48.0373   49.1417
195779   48.5531   48.1262
195799   48.6993    47.919
195819   40.3131   47.0072
195986   41.8919   46.9977
195998   41.8079     46.97
195699   42.5817   33.6749
195134   45.1092   35.9367
196163   40.1078   40.3041
196188   39.5052   40.4054
196319   40.0977   41.1516
196499   49.6779   46.7394
196026   44.2581   41.8428
196045   44.3424   41.7616
196694   36.5363   48.3682
196963   46.3426     36.54
196611   38.3412   36.6498
196982   44.1062    37.944
196690   43.2166   35.2975
196853   44.6645   36.7694
196958   44.2667   51.8442
197971   37.1348   38.8763
197179   45.3655   43.7068
197247   37.1508   46.7356
197071   46.0473     36.47
197417   45.4047   36.4375
197175   40.3593   36.8999
197695    42.073   43.8229
197111   47.2073   48.8888
197359   47.2646    48.977
197389   47.2661   48.5881
197499   47.1006   49.1403
197869   37.5229   36.0933
197219   45.9663   46.5833
197742   45.7903   47.1667
197877   45.5994   47.0483
197943   45.4301   47.2353
198688   37.0708   38.6047
198099   35.7808   47.9388
198284   36.7691   46.8637
198106   40.2926    41.638
198642   41.9862   42.1006
198735   42.3224   42.3085
198019   50.6763    47.382
198253   50.1573   47.4841
198466   51.4372   46.3417
198488   48.9039   45.2341
198685   48.9379   45.4825
198701   39.5387   39.9642
198399   34.9973   39.7569
198889   41.3466   39.4401
198101   42.2503   46.4346
198670   33.4274   38.9952
199126   50.6134   44.6902
199519   36.7106   46.6166
199756   37.7412   46.1206
199913   37.0151   46.9359
199514   41.7275   41.8198
199111   40.0132   36.1604
199129    40.052   36.4042
199226   39.8907   36.6336
199880   44.6841   43.0078
199411   44.1436   40.4835
199812   44.4053   37.1007
199820   44.5492    37.133
199847   44.5604   37.4375
199336   39.1236   40.0142
199503   49.2133   48.8516
200010   50.7804   41.7957
200790    43.514   43.3655
200485   44.4226    36.554
200668   39.2477   34.1687
200976   48.2387   45.1593
201291   38.3592   39.8661
201763   36.8268    51.164
201447   38.1363   37.9921
201073   39.0082   34.7821
201703   41.4742   48.5751
201922   42.1491   48.3602
201019   43.5732   36.6379
201782   42.2853   37.5585
201820   38.1674   47.6595
201198   34.1097   50.2421
201623   38.0591   33.4214
201074   48.4289   44.9578
201369   48.3495   43.9852
202858   44.1476   33.4466
202605   53.1453   43.1947
202659   47.4359     36.97
202596   42.5296   51.1704
202785   43.2593   50.2781
202414   45.5992   51.6881
202612   50.1681   36.3551
202801   50.1001   36.4533
202914   49.3272   36.1246
202230   40.8759   45.7656
203576    37.491   35.1602
203291   49.9013   36.4307
203955   34.7165   44.8526
204091   36.6799   46.7274
204337   45.4209   36.9631
204430    45.526   36.6098
204455   45.9252     36.75
204470   45.7958   36.8099
204140   42.9099   38.9682
204694   38.1333   52.3362
204535   50.6428    33.581
205252    48.964   41.8638
205844   43.4945   40.5877
210774   35.6433   46.2905
210847   43.0728    44.409
210092   43.9971   41.7756
210366   44.3388   41.9486
210408   51.4371   48.5493
210488   50.1202   44.1743
210730   49.5238   43.5842
210116   50.6765    42.159
210335   50.4676   42.4244
210859   52.3873   42.2095
210948   52.2392   41.9307
210443   35.7899   48.0722
210812   38.4049   46.0519
211146   35.2509   46.6333
211447   49.6076   46.5557
211869    50.145   45.8282
211015   42.9712   44.4819
211105   42.1481   44.0605
211133   42.0874   44.1172
211252   41.7871   43.5304
211478    42.007   43.7295
211176   50.5397   38.3841
211671   43.5598   41.7146
211717   51.7388   40.2805
211651   48.5974   40.1223
211124   38.0737   46.4265
212228   42.4617   41.3012
212472   43.3063   41.0652
212454   51.7044   42.5049
212623   51.5116    43.177
212442   51.4504   35.2559
212970   52.2756   35.2975
212446   44.0066   43.8147
212566    43.876   43.4961
212077   47.8311    35.047
212182   47.0985   35.2328
212222   47.1488   35.2014
212320   47.1939   35.2528
212370   46.9001   34.7105
212772   48.4025   45.0864
212943   48.5868   45.6888
212716   34.2389    49.312
212572   49.4848   40.0349
212593   49.4315   40.0793
212854   49.5779   39.7935
212942   49.7458   40.1912
212678   48.6434   42.3346
212801   49.1703   42.7302
212923   49.1422   42.7928
212767   38.3472   35.5351
213402   50.5713   36.7704
213782   48.4523    36.881
213410   41.0726   37.6365
213842   40.9193   37.7159
213251   43.6415    41.515
213479   43.2363    41.819
213581   37.5362    52.687
213844   35.8881   38.8033
213265   53.0412   43.4029
213387   52.2116   34.4736
213129   44.3707   43.5475
213270   44.6891   44.0241
213464   45.2867   44.0073
213800   45.4833   44.8206
213871   45.5402   44.9527
213087   48.7643   45.3815
213138   49.1824   45.5978
213782   44.9827   47.2614
214063   34.2758   48.2727
214365   34.8721   47.4852
214979   34.2408   47.2781
214063    48.334   36.8545
214361   33.8877    34.813
214203    43.799   42.5183
214132   50.2705   38.2813
214357   50.8532   38.2435
214421   50.8311   38.6129
214785   37.9716    44.978
214811   45.0517   36.1111
214877   45.3715   36.5684
214954   45.9133   37.1156
214217   44.6252   46.4762
214793   53.3257   40.3586
214722   47.1479   36.4849
215632   35.2479   37.9587
215055   44.5615   43.3744
215129   45.1857    43.196
215351   49.4046   47.7828
215135   44.3404   37.5652
215247   44.8789   37.2373
215316   44.6334   37.1506
215486   38.1221   39.0483
215515   38.2227   38.9443
215575   38.3939   38.6998
215678   50.7711   39.3649
215807   51.2788   39.1144
215086   42.6299   42.6954
215768   41.9619   42.5775
215565    45.394   48.9787
220812   33.6076   48.1914
220211   38.8018   37.2372
220239   39.0659   36.8733
220291   38.8699   36.3346
220354   39.0094   36.6945
220480   39.3198   37.1914
220909   39.3081   37.7786
220918   50.1334   52.2096
220016    51.743   33.5842
221807   38.6054    51.633
221498   37.7219   37.7505
221623   37.7616   36.9402
221786   46.8727   50.8396
221949   47.6109    50.816
222006   38.8139   50.7435
222054   38.6626   50.9191
222939   37.5661   40.5176
222991   37.2888   40.5069
222969   48.0597   46.4316
222804   41.0238   34.9529
222823   41.0209   35.0187
222402   49.6895    38.272
222892   48.8908   49.6718
222996   48.6538   49.7242
223663    40.841    50.554
223857   41.2717   50.9197
223743   38.3382   49.6116
223792   38.3701   50.2168
223044   36.8096   40.3982
223104   47.3686   46.9171
223559   47.5973   38.4959
223163   49.8386   47.6943
223280    49.292    47.409
223018   48.7893   50.0445
223388   49.7084   49.0144
223489   34.8527   37.6398
223779   35.8755   37.1684
224399    38.757   49.3712
224968   49.8726   35.7428
224173   33.8156   34.7614
224560    46.792   38.5153
224902    47.126   39.1836
224533   41.9437   34.3966
224023   38.7128   44.1739
224077   38.5651   44.3292
224175   38.1076    43.759
224902   43.1139   36.9982
224544   45.0698   44.0864
224380   49.5011    36.471
224868   50.1975   37.9065
224104    35.881   37.0623
224174   36.1296   37.5646
225936   49.1282   35.1447
225145   38.9777   39.5919
225174   50.4042   37.8635
225225   50.4596   37.5907
225253   50.4503   37.6832
225894   50.2477    37.235
225591     35.72   38.7291
225614   35.5126   38.7241
226293   43.7371   40.4949
226421   43.2776   39.5599
226059    49.643   35.4367
226948   37.2919   42.0048
226639   40.7158   38.2898
226690   41.4972   38.6631
226822   49.0206   38.3858
226363   41.7444   45.4131
226476   41.4114   45.6697
227650   39.6877   42.6639
227550   49.3949   52.1139
227865   49.2369   38.2363
227338   49.1388   49.2829
227657    48.728    50.302
227898   48.2207   50.3522
228256   42.7026   40.8932
228710   41.8447   40.7773
228666   42.9481   42.6128
228672   34.2549   34.6649
228873   34.5087   34.0375
228423   40.9743   47.6421
228522   41.0333   48.4507
228543   41.0888   48.1385
228825   39.9653   47.2725
228824   41.7647   44.8461
228655   45.3715    45.966
228685   45.7688   46.3165
228079   40.8657   41.2048
228109   40.4703   41.3075
228027    38.267   48.5224
228062   38.3218   48.7251
229091   43.1367   43.7203
229256   42.9462   43.5293
229046   35.2364   36.9745
229066   35.1856   37.3605
229297   37.4823   48.1248
229703   47.4287   48.9457
229818   47.6089   48.5387
230678    37.709   34.9283
230637   40.7679   35.1727
230437   34.8105   35.5006
230848   34.8531   35.6033
230056    52.647   35.2276
230108   53.0746   35.1718
230006   38.3383   39.9814
230170   38.4979    40.201
230553    35.053   47.4557
230579   34.9266   47.5505
231159   53.2462   50.8374
231704   37.8778   34.0385
231965   40.5257   34.1174
231577   44.5073   50.9655
231776   51.3408   49.8325
231071   42.3401   52.8901
231120   42.6492   52.9566
232920   50.7854   41.1968
232932   52.2856   38.9386
232179   43.5767   42.2525
233250   39.6845   44.5054
233937   38.5417   44.8074
233170   50.2728   41.7657
233449   50.3001   41.5004
233189   52.3205   39.9633
233612   45.9057    41.212
233336   37.7834   38.8867
233439   37.7056    38.428
233565    52.488   43.7517
233752   52.7261   43.2426
233356   50.2031   45.6052
233713   48.9659   45.6375
233737   48.9314   45.0638
233975   48.1509   45.4847
234102   37.3584    45.129
234410    49.453   42.3143
234819   49.5258   41.5219
234514   48.5329   37.2285
234312    52.155   39.9775
234830   41.8003    48.049
234180   44.9724   42.3443
234330   45.0526    42.202
234958   44.3431   43.5064
234318   47.6932   43.3947
234519    46.445   42.6981
234289   50.2066   47.8542
235468   48.3609    40.492
235385   39.5425    41.488
235222   36.6868   51.3619
235319   37.0232   51.6324
235589   37.7129   51.0753
235186   49.2384   36.8634
235695    49.223   37.1672
235565   47.6212   36.5363
235014    46.955   42.2935
235315   46.9328   42.5006
235387   47.4506   42.3927
235521   46.9609   42.4647
235870   47.7542   42.4159
235265    50.078   47.8618
235441   46.5388   38.6485
235428   34.3935   52.5748
235440   34.5186   52.2645
235654   35.4312   52.0632
235136   48.4823   43.9966
235270   47.7947   44.4539
236064   33.8577   52.2383
236509   34.4902   51.0166
236843   33.6404   51.9423
236738   46.2116   42.4685
236662   52.2181   41.3372
236721   51.8359   42.1158
236396   47.1809   48.1801
236635   46.3115   48.5462
236723    46.773    48.583
237319   46.4177   48.5477
237922   37.6642   39.4887
237814   49.4614    44.612
237839   49.5188   45.0068
237028   48.7137   50.8733
237077   48.3028   50.5562
238549   46.8421   42.6443
238896   37.0509   50.3466
238027    49.774   44.9255
238957    51.557   42.8268
239007   37.1742    40.413
239016   43.8299   45.4271
239034   50.8577   38.4827
239286   50.6391   39.3465
239179   34.3802   34.7102
239265   34.9918   33.8602
239347   34.8039   34.4408
239508   52.2305   36.4035
239685   51.3402   36.2915
239828   46.5055   52.7097
239977   48.3381   52.5206
239720   47.6645   43.2746
239851   48.0465   43.5013
239007   51.6205   43.1943
240747   43.6844   45.4139
240912   52.1317    40.542
240942   51.9294   40.4266
240381   46.4186   51.6988
240409        34   47.6942
240566   34.5236   47.5351
240707   33.6899   47.3367
240856   33.6738     47.36
240970   34.0317   46.9885
240437    37.772   47.1983
240794   47.6105   37.0315
240955   47.3258   36.7545
241187   43.3428   47.5676
241344   43.5733   47.5818
241512   44.3707   47.3668
241409   45.6597     49.51
241644   46.3286    49.352
241413   51.3323   37.6943
241667    52.284   36.6125
241255   44.3692   50.8321
241645   50.2717   52.5557
241125   33.4803   46.1102
241391   33.6057   46.4019
241436   33.9667   46.5322
241598   45.3639   51.9028
241898   39.1483   48.4944
241824   41.1754   49.7325
242357   40.8242   51.3641
242378   37.6767   39.0778
242566   37.3957   45.1418
242752   36.8099   44.3285
242379   46.7993   50.9617
242849   44.7913   51.4477
242179   41.9552     44.96
242840    41.123    41.225
242173   49.8613   51.8339
242942   42.4762   49.3307
243919   39.0448   51.0285
243165   51.1451   38.2496
243245   50.9676   37.9362
243759   50.2185   38.0429
243785   50.0899   37.8339
243042   37.0285   44.1772
243554   52.1894   47.4593
243446   39.7676   40.7757
243478    39.561   40.9498
244010   36.0046    42.789
244865    43.572   46.5243
244884    40.494   47.1296
244123   38.9643   50.2217
244674   44.8781   41.1112
244037   38.2054   40.2765
244047   38.1115   40.3451
244056   37.9313   40.4488
244114   37.7841   40.0567
244144   37.7255    39.651
244566   49.3673   40.4696
244683   49.3199   40.7257
244723   49.2417   40.9192
244692    48.845   37.5002
244218    52.606   39.4369
245099   46.5537   39.3378
245154   46.2482   40.0821
245964   41.7926    47.336
245866   39.8223   38.5252
245250   44.8668   35.2007
245186   40.6219   40.5766
245373    35.021   47.0814
245391   35.2353   47.2106
245410    35.306    47.395
245640   36.0803   47.3065
245790    36.069   46.3853
245378   41.6386   51.1418
245392   52.7035   44.0463
245489   52.5438   43.7726
246050   39.3564   38.7346
246330   37.1618    48.402
246199   40.9067   44.7129
246591   43.8638   38.2348
246682   39.9998   50.9324
246929   38.8759    50.114
246432   47.2006   49.2461
246130   39.8445   41.4183
246200   39.0705   41.5113
246322   38.3934   42.2027
246419    39.845   41.8723
246671   52.4154   44.3861
246700   52.4556   44.0223
246183   37.7398   46.0635
247034   37.1337   41.5739
247090   37.3923   42.4219
247587   39.1558   43.1158
247672   39.1398    43.058
247985   38.6816   42.6655
247008   41.2634   47.3988
247036   41.4987   47.3068
247349   44.1204   43.4441
247229   44.3197   34.5535
247370   44.2054   34.8666
247520   44.2503   35.1921
247770   44.1651   34.8819
247657   50.5801   46.7106
247756   42.7708   50.9985
247290   44.2696   40.5866
247061   36.1228   49.2149
247084   35.8178    49.286
247734   51.9924   42.6144
247821   52.6592   36.8201
247063   52.2738   44.6201
248319   35.5315   43.7736
248323     37.81   42.0273
248344   37.5529   42.2325
248815   37.3726   42.0085
248235    33.884   49.1453
248292   33.9511    48.824
248331   34.2221   48.9916
248993   47.3935   44.2036
248522   44.7501   42.9692
248002   44.3014   35.7089
248667   45.8004   39.3907
248131   35.8212   41.6105
248316     34.92    40.741
248790   35.5104   40.3196
248752   45.6873   50.4261
248133   51.9149   49.7117
248638   52.0372   50.1877
248623   46.0271   48.6865
248062   52.9119    37.046
248548   52.9337   43.0401
248612   42.7472   41.1227
248871   42.8461     39.85
249416   37.1268   41.4837
249477   37.0034   41.4534
249914    36.426   37.4009
249954   35.9869   37.7587
249418   52.8886   52.8433
249353   37.5812    52.626
249816   44.7781   41.8303
249824   38.0495   42.4394
249920   37.6297   42.7082
249493   38.2439   45.8629
249610   38.2213   46.0544
249815   38.1744   46.3828
249612   35.3468   38.1442
249126   36.1828   45.2236
249095   51.3729    44.292
249178   42.6855   39.6474
249184   42.7046   39.5272
249196    42.745   39.2867
249447   44.1187   39.5263
250259   35.7491   37.8113
250509   35.9824    38.744
250945   40.3094    50.493
250496   44.0999   40.5673
250146   35.5435   40.3448
250967   34.4736   33.8345
250978   34.4238   33.5709
250062   50.6889   46.8506
250222   37.9839   42.9818
250669   38.4369   43.3789
250532   38.0303   36.9353
250305   49.4407    41.773
250090   39.3647   38.1587
250174     44.42    44.488
250340   43.4081   51.5862
250622   43.1104   51.5744
250753   43.7519   51.3622
251799   46.9599   33.3251
251826   47.0729    33.061
251979   47.3549   33.6909
251450   35.3887   40.9168
251629   36.1214   37.5102
251820   35.7937   37.8377
251039   34.2467   33.2134
251066   34.7096   33.0512
251698   45.7282   33.9178
251266   38.3576   44.3284
251150   37.6192   33.6843
251110   37.2226   38.3753
251369   52.7188   51.1357
251447   52.6239   51.9064
251434    35.509   49.3159
252223   46.5577   39.1894
252318   47.2014   39.0901
252389   47.0287   39.8655
252475   46.9935   39.5606
252321   44.8171   50.9697
252766    48.367   41.7962
252637   43.8087   43.0564
252378   44.7372   47.8838
253391   43.8764   40.1383
253341   51.0837   44.7972
253610   47.3585   43.5323
253631   47.3015   43.6224
253804    47.158   43.5289
254946   49.5447   49.2255
254213   45.9057   43.3475
254690   45.7051   42.2689
254166   47.9457   50.1202
254686   48.1168   49.2949
254266   48.0072   34.6092
255029   34.4461   42.4348
255909   38.0203    40.028
255154   46.9581   45.2938
255617    48.548   42.2038
255321   41.3648   41.9268
255684   40.5949   41.5817
255692   48.6218   40.0278
256821   38.0689   36.3746
256901   50.0074   47.1819
256132   36.6562   40.3861
256409   36.2901   40.5168
256999   45.0196   45.6933
257907   46.4941   39.3619
257842   38.1681   39.3422
257625   43.9555    42.136
257744   43.9428   42.9995
258688   39.7567   49.3096
258859   50.4121   47.9241
259959   39.1487   34.1437
259234   37.6186   37.6212
259274    50.472     47.72
259312   50.2173   47.1319
259058     34.39   39.5769
260241   41.9665   35.6904
260345   41.3696   35.9851
260733   40.9633   35.9498
260851   47.7124   39.7492
260888   50.3494   48.1268
260525   40.9311   38.3616
260017   37.3877   38.7606
260793   47.9263   50.9883
260851    44.038   35.3077
260990   43.9543   36.0934
261268    49.467   36.1559
261128   52.7604   48.1225
261694   47.6934    41.267
261857   46.3658   40.8473
261541   50.2608   46.7323
261971   38.7296   42.3354
261897   41.8742   41.6272
261909   43.9925   43.1739
261369   43.8822   37.8435
262383   47.0165   41.8277
262643   43.2905   40.9637
262538   41.5703   43.3557
262894    34.506    37.859
262921   34.4408   38.0142
262596   45.0458   42.6724
262924   45.6284   40.9727
262331   36.9212   40.9508
262598   36.6094   41.5438
262422   47.4745   38.4786
263611   40.7351   45.7085
263489   34.3646   38.7838
263144   36.6308   39.3308
264908   37.6479   49.1544
264745   36.8848   44.6732
264413    39.027   33.6812
264623   50.6294   36.6286
264836   51.2983   36.6238
264509   33.8993   50.3414
264554   33.8881   50.4605
264564   33.9149    50.342
265357    43.118    48.144
265247   49.5006   41.4956
266747   36.8508    48.733
266520   35.6164   48.1187
266535   35.5734   47.9328
266688   44.6002   43.7664
266712    44.431   43.5298
266943   44.5963   43.9625
266899   39.6786   43.3329
266132   38.9849   50.8385
266368   39.1547   51.2102
266559    39.309   51.4597
266591   45.4245   45.8678
266985   45.1959   46.2769
266155   42.6731   49.3631
266974   34.1883   50.1639
266997   34.0716   50.1679
267087    44.814   43.4365
267114   44.6993   43.3257
267312   45.4424    43.201
267054     40.08   43.7473
267232   46.3895    44.745
267191   42.8819   50.4392
267089   33.7984   50.0942
268689   39.4149   49.1512
268635   44.2778   50.3307
269115   50.8389   34.5654
269850   50.9438   46.8665
269778    47.744   38.0686
269393   51.7577   41.1407
269463   52.7036    42.581
269584   53.3281   42.4142
269811   38.9633    49.602
269443   37.1648   46.4743
269870   34.5405   36.3105
269721   35.2915   46.0389
269522   35.9478   34.7275
269014   53.2176   51.2567
269971   45.5943   38.7226
269919      44.6   43.5578
270576   33.6496   42.0429
270041   47.9525   37.4601
270210   47.4617   37.5438
270424   48.0084   38.1071
270186   51.4654   40.3587
270770   52.7282   46.2311
270970   53.1586   46.5192
270120   37.2698   39.9264
270386   36.3577   39.5508
270507   37.0987   40.5601
270874   37.0944   39.9772
270235   43.2465    37.859
270955    43.385   38.2724
270129   45.6731   41.1248
270777   46.5505   40.7229
270509   48.7447   51.5588
270313   34.8172   41.5076
270083   46.3452   38.7517
270401   46.0534   39.4443
270879   46.2767   38.8492
270377   44.6273   44.1367
270502   46.0949   44.3512
270542   46.1074   44.1092
270152   38.7675   50.5867
270286   39.3805   50.6942
271490   45.0016   45.1674
271546   44.8734   45.0143
271922   45.6277   47.2179
271614   40.9889   39.9431
271551   44.5423   35.8004
271089   46.1022   41.4804
271298   46.3274   41.5166
271821    46.485   40.7908
271762   45.6982   38.5899
271965   43.5453   34.0036
272324   42.8365   42.9114
272885   42.9087    35.635
272210   42.0288   45.2609
272420   40.7335   42.9798
272642   48.1894   38.3579
272718    48.442   38.1792
272383   40.1792   45.0532
272478   50.5978   34.0228
272047   46.3429   40.0015
272085   46.3679   40.2424
272674   46.9619   40.4421
273046   43.3941   35.8449
273454   52.2265   45.6417
273697   51.2769   45.7753
273400   35.4655   34.1618
274959   36.6309   35.8735
274288   49.4508   50.1035
274234   34.4638   47.0401
274853    34.387    33.734
274765   46.2235   38.8809
274448   50.2655   52.6634
275985   39.9548   43.7518
275933   37.7787   38.7689
275275   36.9941   35.8162
275561   36.9277   34.9901
275719   36.8769   35.7651
275066   50.1417   44.1491
275101   49.2594     51.68
275512   47.2123   44.9239
276838    52.255   41.3373
276886   46.1624   40.0426
276952   46.6381   39.6843
276321   43.4757   46.4038
277251   37.0956   50.6242
277032   45.6546   41.4396
277326   46.0968   40.3909
277679   46.8155    38.339
277957   47.4899    38.581
277995   47.2335   38.5627
277479   40.4704   38.2555
277635   40.3265   39.7236
277500   35.9938   47.5775
277347   51.8755   45.6701
277905   42.3653   46.2302
277081   49.1592   38.3584
277621   44.5441   40.7489
277741   44.9045   40.8286
277991   45.2054    40.266
277500   42.5134   50.1306
278381   49.2004    43.265
278170   47.7094   39.3455
278221   47.2022   39.2284
278401    47.458   39.0179
278629   44.2382   41.4887
278785   43.8025   40.9764
278945    43.995   41.4695
278100   41.0063    38.125
278266   40.9802   38.0971
278840   51.5532   45.6666
278652   44.1259   38.7764
278265    41.997   34.7014
279297   48.6957   43.5711
279460   50.2622   47.1801
279549   50.9623   47.5219
279071   46.8473   40.0548
279206   46.5591   39.3815
279526   46.6939   40.2779
279828   47.1061   39.8445
279079   41.2048   36.9134
279710   35.1934   33.7733
279037   52.2053   45.1813
279053   52.2692      45.1
279236   51.7191   45.1118
279874   49.3735   38.7444
279369    38.553   38.3665
279244   36.5012   33.0828
279693   43.5392   45.2953
279099   46.1201    37.819
279901   44.9336   39.2154
280688   48.4591   42.2542
280839   48.0181   42.7911
280618   45.7674   52.9567
280505    45.518   40.6481
280009   45.1093   37.9195
280390   47.1319   37.9347
280607   45.6663   42.2179
280655   45.5222   41.9911
280674   46.5596   46.0374
280883   48.5254   45.7577
280130   40.9277   42.5065
280419   49.5155   38.7738
280457    49.312   38.3953
280327   43.6595   44.7877
280152   45.2746   37.1425
280631   43.3989   39.2169
280665   43.4127   39.0357
280739    43.636    38.383
280845   43.9183   40.3227
280896   43.2506   39.9778
281056   47.8208   42.4111
281607   46.1442   40.0982
281376   47.4488   45.6736
281550   47.2899   45.2971
281699   47.0961   44.6283
281895   47.2643   44.9048
281818   50.0482   37.8517
281044     34.25    47.114
281167   34.4731    46.931
282620    46.353   35.0328
282689   45.8955   50.7253
282267   33.7384   38.1896
282980   53.0685   41.8894
282062   40.9118   43.4981
282931    45.161    41.726
282387   44.3329   43.0287
282908   46.4496   44.0849
282543   37.1378   45.4414
282591   37.2271   45.5767
282829   48.6258   46.8948
282799   51.3324   35.3446
282804   51.3948   35.3879
282432   44.8001   45.4299
282087   33.7167    36.033
282077   50.9695   37.2351
282196   50.2201   37.5171
282216     50.37   37.7126
282398   49.5006   37.4628
282438   49.1138     37.73
282578   48.7391   36.9844
282243   42.2023   43.3646
282966   43.8631    43.676
282992   35.3636   35.4971
283851   49.5296   51.9456
283913   49.0891   51.3997
283788   47.2408   39.7324
283080   46.4592   37.9585
283350   47.2847   38.0901
283764   48.2749   42.9674
283773   42.5672   48.7787
283275   51.6717   44.6053
283783   45.9552   41.9403
283865   40.6585   46.4403
283273   47.5774   47.3215
283442   48.4409   47.6007
283589   48.6759   47.9475
283156   51.3108   35.3112
283168    51.325   35.2464
283660   45.5545   46.3443
283747   49.8009   40.6538
283211   42.1163   49.8259
283961   39.5246   49.8886
283079   43.7337   37.8225
283042   50.0747   38.0381
283654   43.7298   38.5834
283825   44.6555   39.0097
284192   46.1451   41.4642
284222   46.1719   41.5805
284222   49.1899   46.4081
284184   49.5864   38.9907
284831    49.124   43.1494
284199   39.9986   49.8819
284689   39.9746   49.2703
284868   38.1121   49.5021
284078    43.739   42.3163
284097   43.7773   42.2624
285420   48.6101   40.0933
285516   49.3047   39.2427
285085   39.1503   38.8576
285905   40.7263   44.4289
285254   49.2272   47.5712
285929   49.6321   46.5856
285517   43.4983   36.0006
285041   39.5102   48.5059
286928   46.8961   44.0904
286150   50.2173   47.0182
286346   50.1118   46.8063
286575   49.4529   47.1097
286764   49.4175    42.203
286361   35.1633   51.7576
286455   35.3546   52.4419
286640   35.5871   51.8717
286946   38.2865   45.7414
287241   47.8914   43.9331
287271   48.0482   41.1112
287598   48.4797   47.1786
287576   47.8079   35.7428
287352   51.0948   44.8832
287042   49.8107   42.0272
287142   49.7797    41.435
287636    35.054   51.2369
288365   51.4132   46.5695
288487    51.424   47.5427
288561   51.4529   47.7544
288860   50.5234    47.632
288465   43.3017   45.3668
288952   40.3053   41.2882
288183   48.0125   48.1154
288402   47.8363   48.0488
288717   42.6314   41.8231
288834   42.3981   41.7119
288873   40.4239   49.8655
288826   46.1453     48.31
288694   45.4969   38.1066
288710   45.5961   37.7114
289922   48.5533   39.5154
289082   51.1985   47.3896
289471   39.3439   40.7137
289841   39.4549    41.823
289690   40.2156   45.4717
289945   42.2777   43.7446
289891   48.1714   35.3392
289578   39.6313    50.152
289155   48.8802   48.4044
289129   43.9472   44.3171
290070   50.7937   45.2795
290180   50.3863    45.237
290219   50.9104    45.062
290703   51.5215    44.212
290088   47.7821   39.2645
290841   47.7787    37.167
290913   47.7025   37.3918
290935   47.4348   37.3507
290959   47.5026   37.5404
290603   53.2739   48.3654
290664   34.8687   49.2935
290988   35.7485   48.9886
290274    42.613    44.489
290572   48.5677   40.8247
290556   38.4681   35.4457
290070   40.4227   48.3915
290648   34.6632   33.5996
290028   39.9069   50.8532
290042   40.0956   50.7953
290420   38.1286   48.9323
291096    48.725   42.3461
291113   48.9903   42.1877
291385   47.3025   39.1919
291458   47.3296   37.7916
291874   48.8914   35.9215
291238   34.4526   48.4456
291959    40.682   38.1159
291603   47.7692   43.3767
291078   41.3258   44.3598
291100   41.6367   44.4778
291216   41.9651    44.318
291105   34.2118   34.1582
291270   34.6469   34.0218
291552   44.6498   50.8365
291737   34.3969   52.4944
292267   50.4482   48.5661
292523   49.4757   48.3038
292739    49.011   48.7136
292008   53.0517   48.3896
292212   53.1638   48.6327
292338   52.7797   48.0404
292443    52.637   47.9301
292559   52.2891   47.6345
292005   34.3171   47.4096
292382   41.2569   38.3905
292470   40.9992   37.5743
292591   47.4511   52.7129
293692   52.7281   41.7194
293844   52.4652   42.0018
293750    48.631   33.8593
293329    37.892   37.9344
293725   33.4005   45.9575
293825   40.5325    46.707
293878   40.7341   47.0761
293943   41.3121    47.781
294121   36.9632    38.645
294610   35.9008   42.5526
294052   49.1385   51.0997
294935   35.9249   36.0697
294942   44.2033   35.1388
294726   35.7936   47.2276
295291   51.5266   35.9219
295948   43.6717   47.1599
295586   52.8475   37.8057
295595   52.9194   37.7766
295609   50.1788   40.6209
295099   36.7286   36.7341
295127   44.0993    35.165
295243   43.9356    34.512
295308   43.9091   34.2264
296035   48.9574   46.6838
296094   48.6557   46.6283
296990   46.8141   46.8975
296131   50.6103   37.9531
296882   47.3673   46.3891
296374   43.6335   43.6229
296635   49.7722   44.7431
296795   51.5341   38.4827
296556   33.4178     45.61
297330   48.3664   47.6193
297645   48.0905   46.7358
297108    47.884   43.8082
297503   47.2604   43.3184
297973   46.0589   41.5555
297329   48.2836   51.0306
297470   45.9314   45.9369
297730   42.5602    34.657
297326   49.5045   45.2764
297991   47.3103   45.1728
297483   37.4681   49.7868
297630    37.839   49.4184
298699   46.7448   47.2853
298968   47.4584   40.0849
298041   44.5664   44.4145
298543    43.943   43.9889
298764   44.2714   44.0307
298748   45.0652     51.18
298113   44.0399   39.5568
298574   46.2236   44.8547
298654   46.6126   44.1159
298436   45.0437   52.9187
299812   48.6195   49.8669
299767   47.3671   39.6316
299915   52.1768   39.6962
299970   48.5805   43.8833
299203    47.146   37.4572
299224   47.1921   37.4584
