2800    700888    700978        -1
2803    819598    820058        -1
2803    859688    860378        -1
2803    862848    863088         1
2803    871548    871788        -1
2803    876168    876448         1
2818    901308    901708        -1
2818    910898    911268         1
2821    640938    641278        -1
2833    516328    516638        -1
2833    516728    517158         1
2833    571358    572428         1
2833    576748    577468        -1
2833    603778    603878         1
2833    604768    604948        -1
2833    625528    625628         1
2833    626148    626888        -1
2833    643008    643088         1
2833    653678    653828        -1
2833    655438    655628         1
2833    661308    661668        -1
2833    680528    680718         1
2833    681168    681348        -1
2833    689418    689508         1
2833    692168    692318        -1
2833    699418    699778         1
2836    381240    381450         1
2836    381680    381880        -1
2836    409810    410130         1
2836    440390    440660        -1
2836    441550    441970         1
2839    724378    724548         1
2839    726158    726218        -1
2839    726248    726618         1
2839    726638    727228        -1
2851    581538    581718         1
2851    585598    585828        -1
2851    585868    588058         1
2857    512098    512568        -1
2857    535438    535478         1
2857    577268    578168        -1
2857    584638    585478         1
2857    592908    593088        -1
2857    593128    593488         1
2857    601678    602348        -1
2857    621478    621948         1
2857    667208    667748        -1
2857    669988    670168         1
2857    670198    670588        -1
2857    673238    673488         1
2857    673518    674108        -1
2857    762328    762608         1
2857    772628    773118        -1
2857    776088    776628         1
2857    779718    780148        -1
2857    815748    815968         1
2857    826508    826728        -1
2857    833468    834048         1
2857    837448    837868        -1
2857    837988    838668         1
2857    841838    842178        -1
2857    915608    915978         1
2857    930488    930748        -1
2857    945788    946018        -1
2857    980868    981198         1
2857    981238    981458        -1
2857    983448    983598         1
2857    985218    985478        -1
2857    985668    987518         1
2857    987538    987608        -1
2857    990228    991068         1
2860    532258    532408         1
2860    532588    532898        -1
2860    543988    544158         1
2860    573308    573438        -1
2860    595738    596278         1
2860    597688    598248        -1
2860    599418    599488         1
2860    609038    609668        -1
2860    613538    614128         1
2860    614378    614508        -1
2860    622498    622648         1
2860    629638    629938        -1
2860    629968    630358         1
2860    660418    660728        -1
2860    699948    700568         1
2860    714898    715628        -1
2860    772768    773208         1
2860    807988    808398        -1
2860    887608    887718         1
2860    888478    888908        -1
2860    916258    916638         1
2860    919828    920508        -1
2860    932628    932748         1
2860    970488    970868        -1
2860    971838    972348         1
2872    381120    381480         1
2872    381570    381840        -1
2872    401140    401290         1
2872    406570    407000        -1
2872    423660    423810         1
2872    434350    434940        -1
2872    435640    436230         1
2872    436260    436710        -1
2872    456160    456300         1
2872    475820    476250        -1
2872    481278    481668         1
2872    482828    482908        -1
2872    482988    483078         1
2872    502318    502468        -1
2872    503838    503948         1
2872    504078    504798        -1
2872    527808    528178         1
2872    588068    588348        -1
2872    615158    615808         1
2872    625518    626248        -1
2872    630088    630608         1
2872    635648    636398        -1
2872    655748    656078         1
2872    690268    690358        -1
2872    694038    694258         1
2872    695418    695778        -1
2872    703568    703738         1
2872    742938    743518        -1
2872    753598    754178         1
2872    754198    754458        -1
2872    765548    765638         1
2872    765668    766598        -1
2872    767228    767358         1
2872    770798    771418        -1
2896    606868    607548        -1
2896    615598    615828         1
2896    622708    622848        -1
2896    624118    624538         1
2896    624568    624768        -1
2896    625358    625438         1
2896    625478    625518        -1
2896    629418    629688         1
2896    661088    661638        -1
2896    691098    691808         1
2896    693828    694118        -1
2896    701358    701808         1
2896    712228    712308        -1
2896    713288    713778         1
2896    714438    715168        -1
2896    715348    715378         1
2896    719758    720138        -1
2896    746478    746938         1
2896    746958    747168        -1
2896    748288    748508         1
2896    748788    748898        -1
2896    752158    752218         1
2896    752248    752308        -1
2896    753218    753528         1
2896    757808    758408        -1
2896    758478    758728         1
2896    758908    759278        -1
2896    761988    762838         1
2896    767688    767978        -1
2896    768038    768098         1
2896    774818    775078        -1
2896    780548    780858         1
2896    782798    782978        -1
2896    837648    838018         1
2923    792478    792768         1
2923    795318    795588        -1
2923    795648    795778         1
2923    830548    830758        -1
2923    831738    831918         1
2923    831938    832388        -1
2923    843948    844148         1
2923    866328    866668        -1
2923    941188    941468         1
2923    944048    944858        -1
2923    945468    946008         1
2935    381780    382640        -1
2935    396450    396900         1
2935    453680    453850        -1
2935    484438    484758         1
2935    485948    486158        -1
2935    537618    537818         1
2935    569518    569958         1
2935    580098    580978        -1
2935    582108    582188         1
2935    602478    602588        -1
2935    654808    655038         1
2935    691588    691868        -1
2935    707748    707878         1
2935    725928    726248        -1
2935    737868    738728         1
2935    738768    739828        -1
2935    745308    745378         1
2935    748798    748908        -1
2935    749498    749778         1
2935    762778    762958        -1
2935    762978    763078         1
2935    785848    786188        -1
2935    786208    786658         1
2935    892158    892928        -1
2935    895418    895988         1
2935    992528    992768        -1
2938    704658    705648         1
2938    707588    708078        -1
2938    708298    708488         1
2947    676388    677288         1
2947    677688    677858        -1
2956    736898    737168         1
2956    739038    739088        -1
2956    739308    739678         1
2956    741848    742218        -1
2956    770848    771208         1
2956    775188    775388        -1
2956    780878    782098         1
2956    813398    813928        -1
2956    821958    822138         1
2956    825478    825698        -1
2956    833308    834018        -1
2956    837228    837628         1
2956    868828    870508         1
2956    874888    876508        -1
2959    525958    526118         1
2959    613398    613458        -1
2959    635138    636088         1
2959    637558    637858        -1
2959    651458    651558         1
2959    652238    652358        -1
2959    668228    668368         1
2959    677808    677878        -1
2959    687658    687858         1
2959    688428    688898        -1
2959    693078    693338         1
2959    766528    767088        -1
2959    786398    786648        -1
2959    814758    815128        -1
2959    832578    833148        -1
2959    863788    864168        -1
2977    542118    542518        -1
2977    555288    555648         1
2977    560168    560318        -1
2977    562298    563088        -1
2977    563298    563818         1
2977    582538    582728        -1
2977    615438    615638         1
2986    408170    408320        -1
2986    415030    415110         1
2986    419620    419700        -1
2986    432230    433010         1
2986    435490    436410        -1
2986    441530    441690         1
2986    441710    441830        -1
2998    713628    714108         1
2998    715008    715588         1
2998    734698    734968        -1
2998    773608    773908         1
2998    799168    799618        -1
2998    805238    805408         1
2998    805608    805958        -1
2998    808488    809028         1
2998    810558    810818        -1
2998    810848    811028         1
2998    811048    811828        -1
2998    813338    813688         1
2998    828268    829188        -1
2998    846328    846758         1
2998    872178    872688        -1
2998    894048    894198         1
2998    915518    915698        -1
2998    930798    931138         1
2998    977218    977848        -1
2998    995568    995738         1
2998    996028    996608        -1
3025    778608    778748         1
3025    788828    789298        -1
3025    789448    790148         1
3025    809668    809848        -1
3025    813428    813778         1
3025    813808    814288        -1
3031    457400    457780         1
3031    476750    477070        -1
3031    485198    485358         1
3031    522558    522918        -1
3031    523048    523128         1
3031    536478    537498        -1
3031    625878    625978        -1
3031    626278    626478         1
3031    644958    645268        -1
3031    669178    669428         1
3031    671558    671918        -1
3031    698998    699128         1
3031    732548    732968        -1
3031    800418    800488         1
3031    800568    801188        -1
3058    641888    642118         1
3058    685568    685998        -1
3058    777858    778338         1
3085    428960    429150         1
3085    446550    446670        -1
3085    446910    447090         1
3085    450180    450350        -1
3085    455010    455170         1
3085    473540    473840        -1
3085    478230    478270         1
3085    496078    496668        -1
3085    509208    509498         1
3085    545908    546338        -1
3085    572088    572398         1
3085    607338    607488        -1
3085    609658    609898         1
3085    734448    734968        -1
3085    742198    742418         1
3085    755498    756458         1
3115    740018    740348        -1
3115    740758    740848         1
3115    772718    773128         1
3115    857908    858458         1
3115    884138    884608        -1
3115    884648    884748         1
3115    889228    889428        -1
3115    898288    898398         1
3115    919858    920138        -1
3115    931778    931858         1
3115    937688    937828        -1
3115    939918    940208         1
3115    948838    949108        -1
3127    597028    597168         1
3127    670588    670688        -1
3127    694218    694548         1
3127    717288    717438        -1
3127    763978    764188        -1
3127    780798    781028         1
3127    799028    799248        -1
3127    811148    811588         1
3127    864828    865118        -1
3127    887768    887978         1
3130    378490    379430        -1
3130    380140    380590         1
3130    411360    412000        -1
3130    417850    418070         1
3130    426760    427290        -1
3130    490248    491118         1
3130    598778    599508        -1
3130    599828    599948         1
3130    622368    622588        -1
3130    637848    638688        -1
3130    647508    647818         1
3130    652028    652188        -1
3130    655908    656108         1
3130    657928    658698        -1
3130    694208    694338         1
3151    920288    920438         1
3151    923528    923588        -1
3151    923768    924158         1
3151    927208    928108        -1
3151    928128    929318         1
3151    929958    930978        -1
3151    930998    931478         1
3151    931568    931728        -1
3151    938278    938648         1
3151    939758    939888        -1
3151    958548    958978         1
3151    959948    960298        -1
3151    966078    966268         1
3151    966288    966648        -1
3151    973558    973808         1
3151    986988    987408         1
3154    491868    492118         1
3154    544828    545468        -1
3154    546878    547018         1
3154    551218    551638        -1
3154    551658    551938         1
3154    554588    554848        -1
3154    554878    555268         1
3154    555458    555618        -1
3154    556778    556838         1
3154    558778    559028        -1
3154    559088    559358         1
3154    618438    618808        -1
3154    621498    621688         1
3154    650988    651448        -1
3154    664068    664878         1
3154    664898    666098        -1
3154    670458    671148         1
3154    700898    701038        -1
3154    723608    723808         1
3154    725468    726098        -1
3154    734648    735228         1
3154    773388    773708        -1
3154    804038    804138         1
3154    804168    804478        -1
3154    809068    809468         1
3154    810278    810578        -1
3169    810268    810428         1
3169    844888    845338         1
3169    847368    847898        -1
3169    848618    848918         1
3169    849658    849998        -1
3172    374250    374560         1
3172    404320    405130        -1
3178    697528    697748        -1
3178    698848    699028         1
3196    647588    648548        -1
3196    649578    649818         1
3199    495838    495988         1
3199    496088    498038        -1
3199    512008    512438        -1
3202    998898    999398        -1
3223    385470    385760         1
3223    412780    413220        -1
3223    494518    494768        -1
3223    509338    509928         1
3223    601218    601588        -1
3223    615878    616408         1
3223    617878    617968        -1
3223    657998    658178         1
3223    791958    792328        -1
3223    856598    856908         1
3223    860228    860428        -1
3223    866858    867748         1
3223    880248    881058        -1
3223    906738    907738         1
3223    920488    920698        -1
3223    945598    946848         1
3223    972018    972118        -1
3223    972178    972358         1
3223    985398    985608         1
3250    373100    373260         1
3250    398250    398380        -1
3250    398830    399030         1
3250    450260    450500        -1
3250    453640    454040         1
3250    580438    580988        -1
3250    622258    622498         1
3250    624568    625038        -1
3250    625478    625668         1
3250    628238    628328        -1
3250    658188    658508         1
3250    659668    659988        -1
3250    669158    669668         1
3250    694718    694868        -1
3250    743238    743558         1
3250    744138    744238        -1
3250    744938    745248         1
3253    467400    467700        -1
3253    469160    469360         1
3253    561308    561408        -1
3253    633398    635598         1
3253    671648    671828        -1
3253    678988    679568         1
3253    701298    701478        -1
3253    708978    709128         1
3253    709178    709788        -1
3253    741338    741558         1
3253    749978    750118        -1
3253    754218    754288         1
3253    757748    757918        -1
3253    758008    758328         1
3253    800658    800808        -1
3253    815678    815748         1
3253    816038    816198        -1
3265    374930    376160         1
3265    435310    435750        -1
3268    447310    447830         1
3274    924338    924658        -1
3274    927908    928548         1
3274    928728    928778        -1
3274    991188    991318         1
3277    370770    370900        -1
3301    904358    905548        -1
3301    916688    918138         1
3301    920118    920728        -1
3301    921198    921368         1
3301    926428    926498        -1
3301    927408    927948         1
3301    929348    930788        -1
3301    931128    931368         1
3301    933598    934578        -1
3301    934608    934828         1
3301    947178    947288        -1
3301    947318    947388         1
3313    833988    834288        -1
3313    835338    835468         1
3313    981798    981998         1
3313    993688    993978        -1
3322    591588    591648        -1
3334    692378    692798         1
3334    915288    915508        -1
3334    939318    939458         1
3334    941408    941938        -1
3334    941958    942228         1
3334    948108    948498         1
3334    948518    949008        -1
3334    957658    958178        -1
3334    966838    967558         1
3337    869078    869158        -1
3337    885068    885158         1
3337    897148    897598        -1
3337    903978    904348         1
3358    790828    791028         1
3358    791128    791218        -1
3358    796368    796628         1
3358    797658    797878        -1
3358    800368    800778         1
3358    800808    800988        -1
3358    801008    801338         1
3358    801358    802008        -1
3358    802058    802528         1
3358    802558    802648        -1
3358    802688    803338         1
3358    803388    803648        -1
3358    805588    805738         1
3358    807638    807798        -1
3358    808848    809378         1
3358    811448    811908        -1
3358    813988    814728         1
3358    815388    816358        -1
3358    818918    819328         1
3358    819718    820278        -1
3358    820308    820838         1
3358    823738    824678        -1
3358    871298    871448         1
3358    880998    881118        -1
3358    903388    903808         1
3358    908548    908858        -1
3358    950228    950358         1
3358    974948    975248        -1
3358    993628    994698         1
3370    764048    764538         1
3370    764718    764878        -1
3370    764898    765218         1
3370    766088    766768        -1
3370    767598    768368         1
3370    768958    769828        -1
3370    775238    775688         1
3370    783228    784008        -1
3370    788768    789088         1
3370    793198    793838        -1
3370    822958    824548         1
3370    833468    834038        -1
3370    847818    848118         1
3370    886988    887258        -1
3370    888588    888778         1
3370    907188    909138        -1
3370    909178    909348         1
3370    910328    910648        -1
3370    910668    911488         1
3370    917228    917438        -1
3370    919138    919938         1
3370    919968    920188        -1
3370    920338    920448         1
3370    927938    929058        -1
3370    931238    931618         1
3370    933528    933698        -1
3370    933798    934248         1
3370    937728    938168        -1
3370    940258    940398         1
3370    943488    943568        -1
3370    943798    943908         1
3370    947188    948208        -1
3370    951938    952248         1
3370    952288    952328        -1
3370    954478    954688         1
3370    954878    955208        -1
3370    955268    955578         1
3370    955818    956198        -1
3370    963108    963358         1
3370    963388    963578        -1
3370    981538    982028         1
3370    982258    982608        -1
3373    377310    377490        -1
3373    775958    777158        -1
3373    777218    777638         1
3373    777658    777808        -1
3373    793678    793938        -1
3373    796228    797658         1
3373    811038    811658        -1
3373    811778    811908         1
3388    830708    830918         1
3397    679528    679748         1
3397    680338    680458        -1
3397    680558    682798         1
3397    683728    684578        -1
3397    712468    713668         1
3397    724308    725678        -1
3397    725768    726258         1
3397    726318    726578        -1
3397    740478    740728         1
3397    741018    741148        -1
3397    744288    744438         1
3397    745348    745648        -1
3397    745968    746278         1
3397    759068    759278        -1
3397    759298    759858         1
3397    761458    762138        -1
3397    762698    762788         1
3397    762838    763998        -1
3397    764398    764468         1
3397    767048    767488        -1
3397    768408    769258         1
3397    769318    769848        -1
3397    769878    770018         1
3397    788088    788828        -1
3397    808578    808958         1
3397    809288    809458        -1
3397    809788    810038         1
3397    810568    810708        -1
3397    810778    810848         1
3397    810978    811318        -1
3397    811378    811618         1
3397    817408    817798        -1
3397    826898    827148         1
3397    836578    836788        -1
3397    836938    837638         1
3397    853768    854208        -1
3397    859618    860228         1
3397    860268    860458        -1
3397    861498    861818         1
3397    862148    862538        -1
3397    862798    862898         1
3397    863378    863928        -1
3397    863978    864288         1
3397    905848    906068         1
3397    908298    908728        -1
3403    928078    928208         1
3415    491408    491638        -1
3415    491718    492558         1
3415    501918    502308         1
3415    518638    518968        -1
3433    823438    823628        -1
3451    650168    651988         1
3451    780538    780788        -1
3451    780858    781138         1
3457    676348    676468        -1
3463    375640    376000        -1
3463    405030    405290         1
3463    405330    405760        -1
3463    407320    407730         1
3463    469580    469810        -1
3463    523928    524278         1
3463    545648    545878        -1
3463    588488    589408         1
3463    600068    600218        -1
3463    611588    611838         1
3463    614158    614358        -1
3463    619098    619178         1
3463    625068    625138        -1
3463    625178    625558         1
3463    650078    650218        -1
3469    708478    708828        -1
3472    937128    937548        -1
3472    946738    946858         1
3472    957898    957948        -1
3472    982298    982588         1
3472    990938    991168        -1
3472    992808    993518         1
3472    994028    995108        -1
3478    508038    508398         1
3478    581948    582148        -1
3478    582238    582538         1
3478    584888    585138        -1
3478    585228    585468         1
3478    592108    592568        -1
3478    615128    615438         1
3478    659258    659698        -1
3478    668958    669048         1
3478    702758    702828        -1
3478    703098    703288         1
3478    712078    712148        -1
3478    712208    712268         1
3478    715258    715378        -1
3478    720038    720378         1
3478    753798    753938        -1
3478    757298    757508         1
3487    842988    843348        -1
3487    853698    853868         1
3487    855298    855618        -1
3487    861648    863118         1
3487    863598    864878        -1
3487    868808    868988         1
3487    870008    870418        -1
3487    872238    872438         1
3487    873358    873418        -1
3487    873458    873528         1
3487    874228    874348        -1
3487    874878    875178         1
3487    876928    877358        -1
3487    878068    878728         1
3487    880838    881228        -1
3487    883808    883938         1
3487    889678    890008        -1
3490    752468    753028        -1
3490    771358    771538         1
3490    771848    772118        -1
3490    779628    780258         1
3490    782398    782698        -1
3490    790618    791208         1
3490    791238    791598        -1
3490    798508    798898         1
3490    880288    881338        -1
3490    887798    888238         1
3490    909738    910308        -1
3514    388970    389390        -1
3514    456120    456720         1
3535    487228    487568         1
3535    489598    489748        -1
3535    514098    514318         1
3535    612258    612808        -1
3538    416570    416690        -1
3538    513288    513768        -1
3538    517908    518248         1
3538    519168    519528        -1
3538    525468    525598         1
3538    532568    532818        -1
3538    544558    544948         1
3538    615378    615848        -1
3538    620708    620918         1
3538    631888    632028        -1
3541    553458    554028         1
3541    556458    556788        -1
3541    557488    557738         1
3541    582358    582658        -1
3541    610518    611308         1
3541    624388    624508        -1
3541    624598    624778         1
3541    647108    647388        -1
3541    649108    649198         1
3541    726498    726728        -1
3541    739458    739528         1
3541    741598    741738        -1
3541    818938    819088         1
3541    824908    825118        -1
3541    836588    836768         1
3541    866598    866828         1
3541    866878    867118        -1
3541    868868    869328         1
3541    911478    911848         1
3541    915008    915108        -1
3541    927218    927548         1
3541    937868    938328        -1
3544    545098    545338         1
3544    587668    588558         1
3544    588628    588798        -1
3544    595268    595758         1
3544    614098    614928        -1
3544    625068    625218         1
3544    625258    626138        -1
3553    896528    897058         1
3553    927688    928258         1
3553    994578    994658        -1
3559    458550    459810        -1
3559    466540    467120         1
3559    472270    472410        -1
3559    474120    474380        -1
3559    561538    561818        -1
3559    562698    563488         1
3559    563718    564808        -1
3559    579178    579288         1
3565    440590    441040         1
3565    441070    441240        -1
3565    459010    459250         1
3565    506548    506988        -1
3565    519998    520068         1
3565    521048    521278        -1
3565    527228    527448         1
3565    527498    527718        -1
3565    538488    539268         1
3565    618868    619148        -1
3565    641598    641978         1
3565    642618    642698        -1
3565    644108    644458         1
3565    644608    644838        -1
3565    644908    645518         1
3565    661038    661298        -1
3565    661808    662108         1
3565    688438    688648        -1
3565    712508    712628         1
3565    714298    714708        -1
3565    726648    727038         1
3565    727238    727648        -1
3565    744328    744698         1
3571    521098    521268        -1
3571    529578    529738         1
3571    561098    561508        -1
3571    561548    561708         1
3571    585878    586198        -1
3571    635398    635518         1
3571    635978    636398        -1
3571    642758    643438         1
3571    663538    663768        -1
3571    672798    673198         1
3571    673438    674038        -1
3571    674088    674468         1
3571    676718    678268        -1
3571    683138    683198         1
3571    683238    683468        -1
3571    683598    683938         1
3571    683978    684048        -1
3571    684068    684248         1
3571    684458    684798        -1
3571    684818    684948         1
3571    685048    685368        -1
3571    685438    686088         1
3571    690418    690618        -1
3571    691128    691228         1
3571    693368    693688        -1
3571    693858    693928         1
3571    701428    702238         1
3574    484028    484228        -1
3574    485868    486548         1
3574    488528    488868        -1
3574    488908    489038         1
3574    489058    489128        -1
3574    540458    540738         1
3574    544548    544608        -1
3574    634588    634788        -1
3574    636888    637138         1
3574    641968    642258        -1
3574    663018    663278         1
3574    663688    663808        -1
3574    668318    668388         1
3574    668448    668548        -1
3574    676768    677198         1
3574    718698    719048        -1
3574    738988    739668         1
3574    744058    744538        -1
3574    771108    771238         1
3574    781358    781558        -1
3574    782918    783078         1
3574    783108    784038        -1
3574    785178    785958         1
3574    786008    786158        -1
3574    807778    807938         1
3574    812468    812678        -1
3574    839568    839658         1
3574    868308    868718        -1
3574    891718    891818         1
3574    906138    906558        -1
3574    921778    922458         1
3583    847868    848028        -1
3583    897798    898448         1
3583    904388    904578        -1
3583    913158    913268         1
3583    975538    975648        -1
3583    975818    975898         1
3583    977308    977698        -1
3583    977718    977898         1
3583    980248    980388        -1
3583    980608    980738         1
3583    981568    981678        -1
3583    983858    984018         1
3583    986308    986738        -1
3586    805948    806478         1
3586    811148    811818        -1
3586    816448    817048         1
3586    853608    853918        -1
3586    868668    869278         1
3586    880028    880628        -1
3586    880668    881648         1
3586    883188    883618        -1
3586    903958    904508         1
3586    943638    944018        -1
3586    954928    955468         1
3586    979368    979548        -1
3586    979908    980168         1
3586    988248    988538        -1
3586    998968    999308         1
3595    548778    548828        -1
3595    560298    560458         1
3595    561018    561148        -1
3595    561478    561568         1
3595    561598    561818        -1
3595    561848    561998         1
3595    615198    615388         1
3595    636348    637378        -1
3595    720288    720708         1
3595    739178    739288        -1
3595    739328    739648         1
3595    746348    746498        -1
3595    779028    779198         1
3595    822428    822888        -1
3595    824228    825208         1
3595    829068    829408        -1
3595    868298    868448         1
3595    871228    871438        -1
3595    871678    871938         1
3595    938868    939308         1
3595    974138    974628        -1
3595    977388    977708         1
3595    978468    978838        -1
3601    473770    473950        -1
3601    474190    474410         1
3601    474500    474590        -1
3601    479260    479550         1
3601    482098    482568         1
3601    519208    519828        -1
3601    524078    524368         1
3601    530238    530338        -1
3601    530808    530978         1
3601    583688    583818        -1
3601    606428    606598         1
3601    606638    607038        -1
3601    612868    613078         1
3601    616848    617138        -1
3601    636608    636818         1
3601    662398    662518        -1
3601    669098    669948         1
3601    709348    709888        -1
3601    719178    719328         1
3601    720798    721238        -1
3601    721268    721528         1
3601    723038    723518        -1
3601    742358    742478         1
3601    745758    747038        -1
3601    747918    748078         1
3601    749288    749558        -1
3601    750158    750388         1
3601    752088    752398        -1
3601    752428    752588         1
3601    758538    759008        -1
3601    759958    760728         1
3601    763748    764698        -1
3601    764958    765118         1
3601    774068    774288        -1
3601    790538    790728         1
3601    843538    843708        -1
3601    845998    846368         1
3604    965148    965768         1
3604    989468    989618        -1
3610    447060    447330         1
3610    460080    460470        -1
3610    465150    465200         1
3610    465250    465480        -1
3610    531718    533738         1
3610    575298    575508        -1
3610    575908    576578         1
3610    580388    580498        -1
3610    580598    581058         1
3610    583768    583848        -1
3610    583898    584048         1
3610    584448    584548        -1
3610    627158    628008         1
3610    630898    631078        -1
3610    662508    662868         1
3610    663768    664048        -1
3610    678808    679358         1
3610    695938    696138        -1
3610    711788    712028         1
3610    739278    739418        -1
3610    771418    771538         1
3610    771588    772068        -1
3610    829978    830018         1
3610    830608    830978        -1
3610    831428    831628         1
3610    849148    849208        -1
3610    950928    951018        -1
3610    951048    951308         1
3622    981258    981728        -1
3622    988528    989028         1
3622    996248    996508         1
3634    518418    518628         1
3634    526078    526538        -1
3634    527378    527578         1
3634    528998    529118        -1
3634    544448    544618         1
3634    655968    656108        -1
3634    660678    660918         1
3634    697508    697898        -1
3634    720378    720858         1
3634    720888    721138        -1
3634    727318    727618         1
3634    775568    775708        -1
3634    775798    775868         1
3634    780888    781018        -1
3634    781058    781238         1
3634    783788    784088        -1
3634    788758    788908         1
3634    788958    789608        -1
3634    798088    798158         1
3643    503398    503518        -1
3649    606718    607338         1
3649    608348    608818        -1
3664    998148    998248         1
3667    439920    440040         1
3667    519358    519438        -1
3667    520048    520208         1
3667    550938    551368        -1
3667    567668    568418         1
3667    765078    765198         1
3667    767568    768078        -1
3682    429140    429240        -1
3682    476770    476960         1
3682    491488    491938         1
3685    590018    590348         1
3700    683228    683898         1
3700    731168    731268        -1
3700    739188    739338         1
3700    790468    791018        -1
3700    796798    796888         1
3700    797518    797618        -1
3700    806188    806518         1
3700    829788    830028        -1
3700    843948    844148         1
3700    845998    846188        -1
3700    846668    846998         1
3700    862538    863098        -1
3700    882528    883448         1
3700    884908    885198        -1
3700    885238    885828         1
3700    886148    886228        -1
3700    894728    895338         1
3700    897658    897828        -1
3700    899498    899788         1
3700    899848    899988        -1
3700    934378    934778         1
3700    941958    942098        -1
3700    942608    942788         1
3700    946048    946128        -1
3700    946448    946598         1
3700    949598    950268        -1
3700    953108    953598         1
3700    977468    977618        -1
3721    516558    517118        -1
3721    532988    533378         1
3721    556598    556758        -1
3721    579908    580688         1
3721    715648    716048        -1
3721    716258    716358         1
3721    749118    749398        -1
3721    751298    751448         1
3721    751498    751748        -1
3724    937938    938608        -1
3724    957328    957688         1
3748    859248    860988         1
3748    861008    861078        -1
3748    903328    903618         1
3748    904408    904718        -1
3757    395600    395820        -1
3775    391290    392100         1
3775    414300    414890        -1
3775    425140    425280         1
3775    449770    450020        -1
3787    414070    414140         1
3787    472060    472400        -1
3793    855228    855658         1
3793    990068    990168        -1
3799    621938    622228        -1
3799    631888    632238        -1
3799    637838    638368         1
3799    638758    638948        -1
3799    642398    642698         1
3799    675468    675718        -1
3823    477800    477960         1
3823    478010    478070        -1
3823    481558    481848         1
3823    521788    522098         1
3823    522118    522348        -1
3823    535488    535558         1
3862    526178    526418         1
3862    533948    534288        -1
3862    548508    548738         1
3862    551178    551288        -1
3862    570008    570128         1
3862    576328    576628        -1
3862    591478    591748         1
3874    873958    874698        -1
3877    729128    729258         1
3877    794438    795058         1
3877    799468    799698         1
3877    800238    800488        -1
3877    811808    812428        -1
3877    812598    813728         1
3877    815558    815708        -1
3877    816818    817378         1
3883    585328    585458         1
3883    586338    586758        -1
3889    402740    402950         1
3889    425630    425760        -1
3889    453330    453560         1
3889    476020    476360         1
3889    482808    483318        -1
3889    512598    513248         1
3889    539558    539698        -1
3889    543208    543498         1
3889    663318    663388        -1
3889    679678    680158         1
3889    680228    680588        -1
3889    713198    713318         1
3931    951838    952008         1
3931    956368    957048        -1
3946    380380    381030         1
3946    414750    414840        -1
3946    424600    425010         1
3946    523708    523848        -1
3946    527388    527538         1
3946    533838    534038        -1
3946    537638    537828         1
3949    836478    836838        -1
3949    860048    860398        -1
3949    915898    916128         1
3949    961098    961368        -1
3949    961438    961838         1
3976    378580    380540        -1
3976    382020    382370         1
3976    382430    382500        -1
3976    382590    382750         1
3976    382810    383680        -1
3976    403300    403590         1
3976    427230    427310        -1
3976    960818    961148        -1
3976    961328    961548         1
3976    982658    982758        -1
3976    986648    987018         1
3976    991928    992468        -1
3976    994258    994818         1
3991    830808    831008        -1
3991    832638    832978         1
3991    833818    834038        -1
3991    845398    845508         1
3991    845528    845748        -1
3991    847158    847298         1
3991    847348    847638        -1
3991    847808    847958         1
3991    848008    848188        -1
3991    856538    856768        -1
3991    859828    860138        -1
4006    462290    462390         1
4006    476540    477060        -1
4006    478150    478250         1
4006    493938    494088        -1
4006    494148    494368         1
4006    514808    515188        -1
4006    535938    536208         1
4006    536288    536518        -1
4006    560858    561328        -1
4006    564648    566748         1
4006    567048    567448        -1
4006    569988    570128        -1
4033    821988    822068         1
4033    834708    835258        -1
4033    849218    849368         1
4033    870298    870478        -1
4048    372470    373190         1
4048    401640    402580        -1
4048    402740    402880         1
4048    406190    406660        -1
4048    407430    407920         1
4048    407950    408610        -1
4048    409830    409890         1
4048    410380    410830        -1
4048    417720    417920         1
4048    419170    419640        -1
4048    419780    419890         1
4048    446240    446630        -1
4048    521398    521798         1
4048    521858    522268        -1
4048    543418    543508         1
4087    796828    796978         1
4087    797898    798568        -1
4087    836048    836838         1
4087    836908    837008        -1
4087    837208    837538         1
4087    840438    840708        -1
4087    840948    841978         1
4087    842878    843108        -1
4087    860338    860608         1
4087    863158    863278        -1
4087    890278    890728         1
4087    918938    919038        -1
4087    919108    919218         1
4087    930268    930678        -1
4087    930808    931118         1
4087    935918    936188        -1
4087    938448    938708         1
4087    963868    964098        -1
4087    973468    973888         1
4087    975808    976048        -1
4087    980998    981328         1
4087    995458    995978        -1
4093    393600    393840        -1
4093    442900    443780         1
4093    468740    469180        -1
4093    482668    482888        -1
4093    511918    512488         1
4093    542838    543268        -1
4093    543308    543518         1
4093    554338    554518        -1
4093    557728    558438         1
4093    564428    564548        -1
4093    577778    578528         1
4093    584078    584468        -1
4093    587638    588038         1
4093    598398    598578        -1
4093    623298    623358         1
4093    623418    623668        -1
4093    639188    639988         1
4093    659968    660288        -1
4093    660308    660958         1
4093    680918    681178        -1
4099    383930    384060         1
4099    384790    385380        -1
4099    385500    385690         1
4099    409880    410120         1
4099    416760    417310        -1
4099    417330    418550         1
4099    452460    453100         1
4114    723968    724638        -1
4114    740408    740508         1
4117    372380    372460        -1
4117    372650    372980         1
4117    379700    379850        -1
4117    407110    407290         1
4117    407610    407960        -1
4117    411240    412550         1
4120    553398    553788        -1
4120    604728    605488        -1
4120    607678    608068         1
4120    608208    608298        -1
4120    630798    631348         1
4120    632068    632428        -1
4120    632508    632768         1
4120    712038    712408        -1
4120    723318    723598         1
4120    724068    724478        -1
4120    725038    725198         1
4120    725528    725668        -1
4120    727308    727548         1
4120    727768    727968        -1
4120    729908    730148         1
4120    730198    730388        -1
4120    733808    734008         1
4120    734048    734188        -1
4120    734348    734538         1
4120    737988    738238        -1
4120    743248    743578         1
4120    744108    744318        -1
4120    746048    746228         1
4120    746588    746828        -1
4120    746848    747358         1
4120    748118    748328        -1
4120    748398    748818         1
4120    770358    770948        -1
4120    770998    771078         1
4120    771108    771218        -1
4120    773238    773498         1
4120    775268    775528        -1
4120    777528    778098         1
4120    778788    779238        -1
4120    780018    780248         1
4120    787768    788118        -1
4120    788158    788278         1
4120    788598    788708        -1
4120    790458    790698         1
4120    798028    798258        -1
4120    798298    798558         1
4120    800358    800448        -1
4120    800588    800748         1
4120    801288    801778        -1
4120    809428    809868         1
4120    809918    810088        -1
4120    813238    813428         1
4120    813478    813588        -1
4120    814228    814878         1
4120    815348    815748        -1
4120    817938    818048         1
4120    819228    819618        -1
4120    823068    823398         1
4120    833118    833208        -1
4120    833238    833688         1
4120    834008    834718        -1
4120    834768    834828         1
4120    837048    837368        -1
4120    850238    850378         1
4120    850398    850808        -1
4120    850938    851408         1
4120    851438    851898        -1
4120    851958    852138         1
4120    855658    855778        -1
4120    856558    856658         1
4120    863158    864038        -1
4120    879138    879328         1
4120    885378    885648        -1
4120    885718    885928         1
4120    888718    888848        -1
4120    889568    889848         1
4126    378110    378340        -1
4126    379030    379290         1
4126    392150    392290        -1
4138    435020    435410         1
4138    453150    454010        -1
4138    454160    454390         1
4138    471640    471700        -1
4138    471760    471860         1
4138    526338    527068        -1
4138    527448    527708         1
4138    528248    528338        -1
4138    543938    544318         1
4138    553228    553408        -1
4138    573588    574218         1
4138    575118    575408        -1
4138    585338    586538         1
4138    616558    616648        -1
4138    618428    618678         1
4138    618818    618908        -1
4138    619108    619338         1
4138    621908    621988        -1
4138    638318    638468         1
4138    638858    639178        -1
4138    664008    664278         1
4138    671238    671328        -1
4138    684488    684848         1
4138    694538    695208        -1
4138    726328    726648         1
4138    773288    773428        -1
4138    966838    967598        -1
4138    980048    982378         1
4138    988838    988908        -1
4138    990658    990998         1
4162    374440    374630         1
4162    383910    384030        -1
4162    402900    403030         1
4162    412010    412190        -1
4162    426000    426140         1
4162    471940    472220         1
4162    620338    620558         1
4162    620598    621458        -1
4162    638588    638858         1
4162    666138    666798        -1
4162    666828    667118         1
4162    695348    695628        -1
4162    719748    720378         1
4162    758868    759488        -1
4189    918588    918878        -1
4189    926218    926588         1
4189    961728    962178         1
4189    963998    964228        -1
4189    964398    964818         1
4189    984408    984718        -1
4189    985538    985948         1
4189    998348    998498         1
4189    998548    998818        -1
4195    557528    558208        -1
4195    561128    561698         1
4195    585798    586038        -1
4204    957448    958458        -1
4204    959148    959458         1
4204    961808    962118         1
4204    977298    977408        -1
4204    977478    977608         1
4225    375710    376340        -1
4225    376360    376550         1
4225    394350    394600        -1
4225    406320    406440         1
4225    423080    423450        -1
4225    497038    497238         1
4225    512458    512868        -1
4225    537288    537658         1
4225    591218    591358        -1
4225    598248    599258         1
4225    676808    677408        -1
4225    678038    678118         1
4225    713368    713478        -1
4225    713538    713878         1
4225    715158    715248        -1
4225    715288    715468         1
4225    720228    720428        -1
4225    769078    769798         1
4240    554388    554498         1
4240    585698    585998        -1
4240    649968    650088         1
4240    672888    673078        -1
4240    677828    678028         1
4240    695648    695768        -1
4240    698548    699058         1
4240    699298    699628        -1
4240    709858    710748         1
4240    715278    715408        -1
4249    739278    739368        -1
4249    754328    754968         1
4249    755958    756448        -1
4249    764698    765208         1
4264    372660    373070         1
4264    430990    431840        -1
4264    554938    555408         1
4264    580208    580568        -1
4264    590538    590748         1
4264    590768    590828        -1
4264    595428    595808         1
4264    596118    597088        -1
4264    597388    597638         1
4264    597678    597728        -1
4264    614048    614268         1
4264    627858    627968        -1
4264    629608    630028         1
4264    630128    630648        -1
4264    694658    695318         1
4264    752298    752618        -1
4264    753638    754198         1
4264    761018    761168        -1
4264    803108    803448         1
4264    821298    821378        -1
4264    835208    835928         1
4264    835948    836208        -1
4264    847078    847148         1
4264    856518    857888        -1
4264    865138    865428         1
4264    866688    867118        -1
4264    887258    887478         1
4264    919398    919558        -1
4264    945838    945968         1
4264    947348    947788        -1
4264    979058    979408        -1
4267    640668    641178         1
4267    644568    644918        -1
4267    663968    664428        -1
4267    718138    718298        -1
4267    845528    846098         1
4267    905098    905518        -1
4267    916038    916878         1
4270    574438    574598         1
4270    593568    593828        -1
4270    627118    627278         1
4270    641318    641698        -1
4270    699488    699628         1
4270    711648    711928        -1
4270    722218    722568         1
4270    741428    741738        -1
4270    762028    762298         1
4270    764188    764378        -1
4270    824058    824188         1
4270    824888    825118        -1
4270    850168    851318         1
4270    852588    853468        -1
4270    860378    860958         1
4270    887638    888518        -1
4270    888808    889188         1
4270    896778    897868        -1
4270    910198    910588         1
4270    948698    949178        -1
4270    949778    949868         1
4270    950558    950738        -1
4270    950948    951318         1
4270    951448    951678        -1
4270    973468    973698         1
4279    579008    579068         1
4279    579098    579158        -1
4279    586168    587548        -1
4279    588658    589298         1
4279    589328    589478        -1
4279    591718    593398         1
4279    595848    596778        -1
4285    684048    684438         1
4285    714208    714558         1
4285    769628    770368        -1
4285    787038    787528        -1
4285    799328    799758         1
4285    846378    847278        -1
4285    853358    855168         1
4285    909308    909578        -1
4285    973148    973238         1
4285    975798    976428        -1
4288    455300    455700        -1
4297    907158    907668         1
4297    910208    910788        -1
4297    914918    915268         1
4297    917898    918458        -1
4297    919058    919368         1
4297    920128    921168        -1
4297    921448    921798         1
4297    921828    922608        -1
4297    922638    923488         1
4297    935778    936108         1
4297    950758    951428        -1
4297    952358    952868         1
4297    960868    961938        -1
4297    962088    962878         1
4297    963218    963528        -1
4297    963558    963678         1
4297    963728    963808        -1
4297    979568    979748        -1
4297    979778    980118         1
4297    981958    982678         1
4297    982758    983068        -1
4297    983108    983338         1
4366    697598    697728         1
4366    697788    698278        -1
4366    700928    701078         1
4366    705448    705798        -1
4366    769458    772098         1
4366    776828    776998        -1
4366    781968    782148         1
4366    782188    782228        -1
4366    782598    782638         1
4366    793368    793928         1
4366    796628    797308        -1
4366    812328    812458         1
4366    833288    833698        -1
4366    870698    870908         1
4366    871038    871298        -1
4366    872838    873148         1
4399    373490    374430        -1
4399    408710    408970         1
4399    413670    413970        -1
4399    433640    433890         1
4399    447740    448310        -1
4399    495218    495638        -1
4399    519348    519808         1
4399    633138    633338        -1
4399    633358    633708         1
4405    792218    792488        -1
4405    795338    795678        -1
4405    795758    796188         1
4405    801828    801928        -1
4405    813058    813288         1
4405    813338    813468        -1
4405    820688    820768         1
4405    823798    823878        -1
4405    829258    829638         1
4405    830178    830428        -1
4405    916138    916558         1
4405    989978    990318        -1
4411    385170    385260         1
4411    516978    517138        -1
4411    540578    540738         1
4411    542218    542458        -1
4411    618508    619308        -1
4411    627558    628418         1
4411    631278    631558        -1
4411    833278    833538        -1
4411    861428    862728         1
4411    864788    865078        -1
4411    869248    869818         1
4411    881938    882118        -1
4411    882138    882388         1
4411    891188    892548        -1
4411    892568    893068         1
4411    895238    897448        -1
4411    897478    897738         1
4414    478250    478500        -1
4447    542798    542978         1
4447    543038    543248        -1
4447    552468    552578         1
4447    553728    554068        -1
4447    555188    555288         1
4447    556298    556888        -1
4447    557188    557298         1
4447    557318    557798        -1
4447    557858    558418         1
4447    577248    577328        -1
4447    577358    577418         1
4447    583148    583548        -1
4447    584018    584338         1
4447    585738    585988        -1
4447    587398    587558         1
4447    589188    589478        -1
4447    589948    590108         1
4447    590318    590518        -1
4447    607028    607328         1
4447    607358    607518        -1
4447    607588    607658         1
4447    608018    608368        -1
4447    615948    616188         1
4447    625638    625728        -1
4447    655288    655358         1
4447    655638    655788        -1
4447    656848    657148         1
4447    673798    673938        -1
4447    715228    715298         1
4447    715388    715468        -1
4447    715498    715578         1
4456    733018    734728         1
4456    756938    757268        -1
4456    762168    762688         1
4456    773028    773208        -1
4456    994028    995128         1
4459    495158    495558         1
4459    522698    522748        -1
4459    543198    543408         1
4459    561118    561538        -1
4459    562158    562448         1
4459    603538    603698        -1
4459    606888    607118         1
4459    608788    608888        -1
4459    624388    624628         1
4462    871038    871398         1
4462    872278    872418        -1
4465    392170    392990        -1
4465    420580    420710         1
4465    420930    421200        -1
4465    424970    425060         1
4477    398630    399080         1
4477    401720    401830        -1
4477    402650    402800         1
4477    481468    481688        -1
4477    500178    500278        -1
4498    410920    411620        -1
4498    412970    413100         1
4504    395630    395760         1
4504    396890    396980        -1
4504    428460    428710         1
4504    428920    429030        -1
4504    619358    619498         1
4504    626788    626958        -1
4504    626988    627248         1
4504    627498    627578        -1
4504    627658    628168         1
4504    629018    629468        -1
4504    632748    632848         1
4504    632948    633018        -1
4504    636488    636718         1
4504    639968    640418        -1
4504    640498    640678         1
4504    676668    676918        -1
4504    687238    687498         1
4504    692088    692418        -1
4504    692768    692918         1
4504    692958    693358        -1
4504    693398    693458         1
4504    693498    693648        -1
4504    697148    698038         1
4504    705658    706428        -1
4504    738378    738668         1
4504    741208    741388        -1
4504    741508    741638         1
4504    764108    764598        -1
4504    769188    769408         1
4504    814868    815238        -1
4504    828758    829338         1
4504    829398    829788        -1
4504    840518    840648         1
4504    871158    871408        -1
4504    879308    879608         1
4504    892108    892358        -1
4504    921278    921818         1
4504    977978    978358         1
4510    416310    416550         1
4510    500668    500878        -1
4510    500958    501298         1
4510    527128    527308        -1
4510    623508    623748         1
4510    623808    624388        -1
4510    630888    630998         1
4522    742448    742628         1
4522    872828    873468        -1
4525    555598    555968        -1
4525    637078    637658         1
4525    707948    708348        -1
4525    747228    747608         1
4525    777608    778038        -1
4525    778378    778418         1
4525    798058    798228        -1
4555    445430    445570         1
4555    445760    446000        -1
4555    447620    447740         1
4555    472670    473070        -1
4555    474280    474980         1
4555    478460    478840        -1
4555    601998    602168        -1
4555    653838    654188         1
4555    767938    768448        -1
4555    769108    769758         1
4555    770698    770968        -1
4555    818188    818448        -1
4555    820378    820468         1
4555    824268    825408        -1
4558    512908    513068         1
4558    615188    615598        -1
4558    615708    616048         1
4558    616098    616528        -1
4558    651938    652248         1
4558    677478    678278        -1
4558    737278    737688         1
4558    739278    739618        -1
4558    742778    743198         1
4585    806448    806608         1
4585    838058    838138        -1
4585    850578    850748         1
4585    870558    871118        -1
4585    874728    875028         1
4585    893328    893398        -1
4585    893438    893778         1
4585    894348    894858        -1
4585    895508    895998         1
4585    901108    901358        -1
4585    901398    901458         1
4585    907358    907668        -1
4585    911148    912128         1
4585    912338    912748        -1
4585    912778    913058         1
4585    919588    920038        -1
4585    920058    920368         1
4585    920898    921098        -1
4585    921118    921898         1
4585    925468    925908        -1
4585    925928    926278         1
4597    377490    377790         1
4597    381380    381510        -1
4597    500368    501548        -1
4597    543598    544268         1
4597    554308    554588        -1
4597    570978    571148         1
4597    629988    630328        -1
4597    670308    670728         1
4597    671488    671938        -1
4597    702608    702678         1
4597    708248    708988        -1
4597    716638    717078         1
4597    717168    717328        -1
4597    720648    720958         1
4597    721008    721098        -1
4597    723698    723808         1
4597    723828    724188        -1
4597    724778    725428         1
4597    732178    732698        -1
4597    792828    793628         1
4597    799128    799468        -1
4597    799788    800168         1
4597    821348    821898        -1
4597    824408    824558         1
4597    840238    840528        -1
4597    842228    842668         1
4609    746558    747248         1
4609    755578    756338        -1
4609    766088    766268         1
4609    770628    770988        -1
4609    778298    778408         1
4609    790348    790508        -1
4609    791828    792308         1
4609    808108    808418        -1
4609    808448    808508         1
4609    808648    809008        -1
4609    884628    884738        -1
4609    885748    885908         1
4609    929338    929418        -1
4609    933488    933898         1
4621    371970    372260        -1
4621    402740    403020         1
4621    446970    447170        -1
4621    475130    475250         1
4621    484898    485438         1
4630    812668    813218         1
4630    828528    828608        -1
4630    831828    832128         1
4630    836808    836998        -1
4630    837028    837198         1
4630    837298    838088        -1
4630    839248    840458         1
4630    846538    847138        -1
4630    849708    849938         1
4630    878258    878498        -1
4630    884528    884668         1
4630    885258    885428        -1
4630    885538    885598         1
4630    895308    895588        -1
4630    896678    896968         1
4642    384880    385330        -1
4642    385610    385930         1
4642    441140    441260        -1
4642    441310    441410         1
4642    441440    442020        -1
4642    477150    477470         1
4642    507668    507878        -1
4642    507908    508508         1
4642    508698    509308        -1
4642    525828    526278         1
4642    532008    532248        -1
4660    722818    723018         1
4660    739108    739428         1
4660    741198    741288        -1
4660    765168    765308         1
4660    769248    769708        -1
4660    779668    780508         1
4675    830838    831198        -1
4675    839188    839408         1
4675    840428    841148        -1
4675    842578    843018         1
4675    844258    844878        -1
4675    854018    854638         1
4675    854688    854758        -1
4675    858638    859448         1
4675    859878    861188        -1
4675    863068    863458         1
4675    867168    868808        -1
4675    871018    871338         1
4675    871408    871448        -1
4675    876708    877438         1
4675    892158    892358        -1
4684    592048    592588         1
4684    638008    638288        -1
4684    638318    638548         1
4684    657328    657598        -1
4684    690288    690368         1
4684    690558    690878        -1
4684    699538    699658         1
4684    772158    772438        -1
4684    785248    785528         1
4684    861848    863108         1
4684    870828    870948        -1
4684    873478    873848         1
4699    617478    617558         1
4699    654118    654218         1
4699    662558    662758        -1
4699    663658    663888         1
4699    665128    665668        -1
4699    690048    690348         1
4699    726158    726468        -1
4699    726488    726828         1
4699    736658    737328        -1
4699    738998    739178         1
4699    739308    739528        -1
4699    761268    761818         1
4705    688568    688868        -1
4705    696248    696618         1
4705    709458    710048        -1
4705    710638    711018         1
4705    719948    720558        -1
4705    746008    746308         1
4705    781198    781478        -1
4705    822148    822488         1
4705    892418    892528         1
4705    895068    895748        -1
4705    934058    936098         1
4705    969978    970048        -1
4705    970088    970128         1
4705    970198    970408        -1
4705    980998    981148         1
4705    981218    981398        -1
4705    982058    982518         1
4705    985058    985378        -1
4705    985418    986058         1
4705    987828    989188        -1
4753    395940    396080         1
4753    422760    423600        -1
4753    435040    435550         1
4753    437920    438050        -1
4753    440350    440430         1
4753    458060    458510        -1
4753    499298    499638        -1
4753    501238    501468         1
4753    505988    506318        -1
4753    531348    531928         1
4753    539048    539368        -1
4753    565078    565538         1
4753    575868    576198        -1
4753    586888    587258         1
4753    587758    588148        -1
4753    596128    596258         1
4753    619748    619938        -1
4753    708198    708828         1
4753    708878    710448        -1
4753    741868    742088         1
4753    773538    773738        -1
4753    777388    777538         1
4753    788108    788228        -1
4753    800708    801028         1
4753    807778    808158        -1
4753    808208    808418         1
4753    808468    809008        -1
4753    814968    815508         1
4753    821268    821558        -1
4753    824058    824418         1
4753    834878    835208        -1
4753    837968    838138         1
4753    869738    870478        -1
4753    902618    902998         1
4759    416310    416430         1
4759    422610    423410        -1
4759    441950    442220         1
4759    466550    466670        -1
4759    507468    507608         1
4759    517438    517788        -1
4759    517848    518108         1
4759    518138    518558        -1
4771    973188    973488        -1
4777    371400    371940         1
4777    423860    423970        -1
4777    444630    445380         1
4777    523718    523978        -1
4777    539808    540188         1
4777    544298    544518        -1
4777    551898    551978         1
4777    552028    552328        -1
4777    555328    555458         1
4777    593258    593878        -1
4777    624668    624798         1
4777    651698    651828        -1
4777    651868    652148         1
4777    653298    653578        -1
4777    659318    659628         1
4780    530768    531198         1
4780    573158    573258        -1
4780    573318    573568         1
4780    590538    590698        -1
4780    606218    607038         1
4780    622738    623158        -1
4780    625778    625938         1
4780    626258    626938        -1
4780    650568    650978         1
4780    654018    654718        -1
4780    670948    671168         1
4780    675878    676338        -1
4780    681588    681958         1
4780    689508    689668        -1
4780    703318    703548         1
4780    728418    728858        -1
4792    464510    464830        -1
4792    475960    476090        -1
4792    477360    478210         1
4792    488448    488718        -1
4792    492828    493048         1
4792    521838    522408        -1
4792    546078    546468         1
4792    548718    548888        -1
4792    549298    549748         1
4792    550508    550708        -1
4792    554858    555088         1
4792    573598    573698        -1
4792    591428    591618         1
4792    601028    601338        -1
4816    809748    810268        -1
4816    835258    835398         1
4816    936068    936428        -1
4816    937928    938498         1
4816    943458    943568        -1
4816    948538    948748         1
4816    960148    960298        -1
4816    963528    964088         1
4816    965018    965078        -1
4816    966988    967408         1
4816    970358    970548        -1
4816    974868    974938         1
4816    986408    986728        -1
4828    506958    507428         1
4828    512378    512608        -1
4828    512828    513828         1
4828    523888    524378        -1
4828    625728    625938         1
4828    627168    627408        -1
4828    669468    669718         1
4828    687388    687708        -1
4828    688498    688968         1
4828    689748    690598        -1
4828    690758    691588         1
4828    693118    693328        -1
4828    704788    705168         1
4828    744538    745258        -1
4828    756498    757078         1
4828    775148    776708        -1
4828    825258    825968         1
4828    851318    851458        -1
4828    855878    856238         1
4828    856278    856678        -1
4828    885128    886078         1
4828    890288    890688        -1
4828    912938    913008         1
4828    913078    913358        -1
4834    414100    414290         1
4837    389820    390760        -1
4837    400030    400130         1
4837    454520    454820        -1
4837    454840    455360         1
4837    485328    485488        -1
4840    377230    377740        -1
4840    378240    379650         1
4840    416850    417330        -1
4840    417380    417480         1
4840    435970    436370        -1
4840    441810    441970         1
4840    470390    472050        -1
4840    472070    473650         1
4840    482278    482858        -1
4840    486838    487008         1
4861    784228    785028         1
4861    831938    832518        -1
4861    859218    859418         1
4861    862778    863108        -1
4861    883768    883928         1
4861    903938    904118        -1
4861    904178    904558         1
4861    906508    907268        -1
4861    907288    908228         1
4861    918068    919128        -1
4861    919758    920898         1
4861    923178    923328        -1
4861    926078    926448         1
4861    931978    932678        -1
4861    932708    932918         1
4861    933068    933258        -1
4861    933278    933458         1
4861    938918    939348        -1
4861    939528    939578         1
4864    379500    379990         1
4864    428110    428420        -1
4864    428490    428750         1
4864    431910    432320        -1
4864    437310    437450         1
4864    442870    443150        -1
4864    447210    447570         1
4864    456460    457110        -1
4864    467090    467200         1
4864    475330    475430        -1
4864    483618    483818         1
4864    491308    491858        -1
4864    512908    513248         1
4864    525208    525898        -1
4864    530778    530858         1
4864    598808    598888        -1
4864    608958    609628         1
4864    653838    654118        -1
4864    661948    662108         1
4894    391600    391700         1
4894    452950    453060        -1
4894    595628    595908        -1
4894    658058    658488         1
4894    715918    716428        -1
4903    471440    471520         1
4903    471550    473180        -1
4903    483078    483298         1
4903    500848    501078        -1
4903    513198    513448         1
4903    520028    520198        -1
4903    549738    550228         1
4903    554138    554318        -1
4903    557458    558118         1
4903    582328    583128        -1
4903    597398    598038         1
4903    601778    602098        -1
4903    602198    602258         1
4903    609828    610098        -1
4903    614048    614758         1
4903    640688    641978        -1
4903    644068    644338         1
4903    644978    645138        -1
4903    651138    651918         1
4903    660938    661158        -1
4903    708598    708808         1
4903    719038    719518        -1
4903    791368    791528         1
4903    791608    792348        -1
4903    830158    830498         1
4903    834018    834188        -1
4903    858638    859038         1
4903    860838    861138        -1
4903    864298    864728         1
4903    868318    868398        -1
4903    879518    879848         1
4903    880818    881058        -1
4903    882498    882938         1
4903    892128    892378        -1
4903    898608    899258         1
4903    899278    900038        -1
4903    920068    920828         1
4906    954508    954588         1
4906    955048    955318        -1
4912    876078    876808        -1
4912    900228    900378         1
4912    965528    965798        -1
4912    968148    968758         1
4912    969178    969408        -1
4930    886898    887528         1
4930    902128    902678        -1
4930    905238    905838         1
4930    925318    925398        -1
4930    926078    926198         1
4930    928208    928408        -1
4936    721838    722028         1
4936    726918    727228        -1
4939    732218    732468         1
4945    435390    435640        -1
4945    462180    462450         1
4945    462600    462850        -1
4945    464300    465010         1
4945    469390    469630        -1
4945    474170    474390         1
4945    538278    538518        -1
4945    576228    576708         1
4945    590898    591058        -1
4945    635638    635738         1
4945    676098    676448        -1
4945    687598    687708         1
4948    389080    389430         1
4948    416820    416970        -1
4948    429400    430330         1
4948    474830    474910        -1
4948    491528    491768        -1
4948    492158    492708         1
4948    522938    523058        -1
4948    530948    531228         1
4954    376090    376220         1
4954    430960    431180        -1
4954    434140    434200         1
4954    434630    434780        -1
4954    463570    464120         1
4954    489368    489588        -1
4954    490738    490998         1
4954    510208    510388         1
4954    944738    944948        -1
4954    950228    950488         1
4954    984678    984848        -1
4966    401370    401870        -1
4975    430500    430790        -1
4975    435670    435810         1
4975    470960    471140        -1
4975    517788    518418         1
4975    530748    530998        -1
4975    531148    532058         1
4975    542668    543138        -1
4975    543368    544028         1
4975    575118    575508        -1
4975    588298    588458         1
4975    588538    588748        -1
4975    630058    630618        -1
4975    658568    658678         1
4975    673878    674318        -1
4975    676388    676618         1
4975    734378    734878        -1
4975    746028    746318         1
4975    802648    802828        -1
4975    812128    812558         1
4975    904148    904288        -1
4975    907418    907938         1
4975    985238    985448        -1
4975    985558    985798         1
4984    474760    474960        -1
4999    672268    672648         1
4999    706978    707178        -1
4999    710888    711788         1
4999    716348    717298        -1
4999    744048    744288         1
4999    746868    746998        -1
4999    749168    749748         1
4999    749788    749958        -1
4999    750768    750978         1
4999    824958    825468         1
4999    873428    873808        -1
4999    885198    885288         1
4999    885318    885638        -1
4999    887748    887938         1
4999    905058    905238        -1
4999    918198    918398         1
4999    930528    930888        -1
4999    934238    934348         1
4999    934368    935888        -1
4999    936588    936988         1
4999    937758    938098        -1
4999    938658    939148         1
4999    939228    939518        -1
4999    940998    941438         1
4999    958158    958588        -1
4999    958788    959068         1
4999    968548    969428        -1
4999    988998    989168         1
4999    989468    989638        -1
4999    994098    994578         1
4999    995678    997248        -1
4999    998398    999128         1
5005    739878    740128         1
5005    751788    751958        -1
5005    804618    804698         1
5005    806478    806718        -1
5047    982608    983078         1
5047    983878    984448        -1
5050    385180    385210        -1
5050    410140    410390         1
5050    430830    430910        -1
5050    430930    431040         1
5050    452980    453460        -1
5050    536358    536458         1
5050    537278    537898        -1
5050    539148    540368         1
5050    591398    591538        -1
5050    612368    612788         1
5050    626278    626478        -1
5050    692808    693398         1
5050    711538    711778        -1
5050    713328    713468         1
5050    736708    737168        -1
5050    738838    738878         1
5050    742988    743108        -1
5050    743168    743288         1
5050    744968    745228        -1
5050    760868    761118         1
5050    764828    765078        -1
5050    769148    769248         1
5050    771288    771428        -1
5050    785998    786148         1
5050    827418    827598        -1
5050    836538    836728         1
5050    839078    839408        -1
5050    840668    841438         1
5050    841928    842018        -1
5050    899868    900048         1
5050    912048    912478        -1
5050    912518    912648         1
5050    925428    925588        -1
5050    970238    970788         1
5083    383920    384420         1
5083    397350    397490        -1
5083    414390    414880         1
5083    416340    416670        -1
5083    416730    417000         1
5083    417370    417450        -1
5083    440610    440800         1
5083    440920    441180        -1
5083    445340    445510         1
5083    466580    466760        -1
5083    471850    472180         1
5083    472330    472820        -1
5083    477190    477320         1
5083    490298    490608        -1
5083    527968    528718         1
5083    563458    563758        -1
5083    563858    566798         1
5083    575568    575858        -1
5083    582868    583088         1
5083    600758    600898        -1
5083    611438    612648         1
5083    617128    617198        -1
5083    657078    657498         1
5083    729968    730348        -1
5083    730998    731308         1
5083    734578    734818        -1
5083    735198    735268         1
5083    741788    742368        -1
5083    747098    748108         1
5083    748138    748228        -1
5083    748258    749338         1
5083    749358    749538        -1
5083    749608    749998         1
5083    751748    751888        -1
5083    752158    752278         1
5083    754308    754378        -1
5083    755058    755368         1
5083    755658    756488        -1
5083    756788    757118         1
5083    761028    762098        -1
5083    762118    762868         1
5083    762898    763478        -1
5083    763788    765028         1
5083    771218    771678        -1
5083    847368    847768         1
5083    877758    877948        -1
5083    878018    878718         1
5083    884358    884558        -1
5083    889268    890518         1
5083    914878    915018        -1
5089    418630    419260         1
5089    480658    481008        -1
5089    487928    488058         1
5089    496208    496428        -1
5089    506548    508288         1
5089    556658    556748        -1
5089    591848    592138         1
5089    593068    593348        -1
5089    594328    594958         1
5089    602458    602928        -1
5089    649938    650188         1
5104    727878    727918         1
5104    730328    730528        -1
5104    733908    734728         1
5104    734798    735008        -1
5104    735978    736318         1
5104    743018    743528        -1
5104    790468    790858         1
5104    791478    791788        -1
5104    802758    802898         1
5104    804918    804988        -1
5149    841688    842168        -1
5149    842728    842788         1
5149    843048    843308        -1
5149    845808    846428         1
5149    862298    862588        -1
5149    878338    878568         1
5152    970548    970878         1
5152    971068    971208        -1
5152    982758    983038         1
5152    991858    992668        -1
5152    992698    993208         1
5152    993718    994208        -1
5158    411740    412190         1
5158    431900    432150         1
5158    473830    474090        -1
5158    477860    478270         1
5167    763458    764308         1
5200    864278    864938         1
5200    874718    874898        -1
5200    877298    877748         1
5200    878178    878518        -1
5200    879828    882138         1
5212    791148    792028        -1
5212    792488    793248         1
5212    793568    793758        -1
5212    813198    813618         1
5212    813658    814028        -1
5212    817478    817578         1
5212    817648    817858        -1
5212    818068    818218         1
5212    818678    818968        -1
5212    823358    823668         1
5212    841318    841518        -1
5212    846188    846348         1
5212    856788    857098         1
5212    859898    860058        -1
5212    862188    862638         1
5212    881598    882378        -1
5212    882408    883818         1
5212    911388    911938        -1
5212    950508    950608         1
5212    962988    963388        -1
5212    963998    964328         1
5254    847968    848188        -1
5257    624128    624768         1
5260    782418    783498         1
5260    814498    815138         1
5260    817358    818938        -1
5260    818958    819578         1
5260    820418    821318        -1
5260    823308    823358         1
5260    835158    835338        -1
5260    842238    842758         1
5272    386490    387070        -1
5272    399650    400150         1
5272    413730    414120        -1
5272    419500    419660         1
5272    433770    434060        -1
5272    434370    434720         1
5272    503668    504728         1
5272    551608    552368        -1
5272    552418    552708         1
5272    561608    561868        -1
5272    599038    599498         1
5272    634108    634778        -1
5272    638908    639208         1
5272    649388    649548        -1
5272    649788    650068         1
5275    386820    387400         1
5275    444850    445010        -1
5275    445040    445210         1
5275    516108    516388        -1
5275    567838    569768         1
5275    596798    597038        -1
5275    670118    670528         1
5275    672928    673088        -1
5275    693728    694098         1
5275    713368    713598        -1
5275    732128    732798         1
5275    770288    770658        -1
5275    790128    790898         1
5275    830388    831008        -1
5275    855738    857308         1
5278    411740    412460         1
5278    461540    462630        -1
5278    463410    464070         1
5278    464280    464390        -1
5281    375060    375250         1
5281    377020    377100        -1
5281    377990    378100         1
5281    405740    406260        -1
5281    407760    408210         1
5281    438760    439180        -1
5281    843948    844448         1
5281    896228    896378        -1
5281    903718    904608         1
5281    921728    921838        -1
5296    584388    584988        -1
5296    588248    589548         1
5296    592378    592708        -1
5296    592728    592828         1
5296    598418    599398        -1
5296    605208    605578         1
5299    586688    587228        -1
5299    591748    592138         1
5308    872298    874308        -1
5308    946088    946218        -1
5311    936908    937068        -1
5311    939268    939578         1
5311    942808    942888        -1
5311    942948    945578         1
5311    947328    947858        -1
5314    383640    383830        -1
5320    922968    923508        -1
5323    631428    631638        -1
5329    539168    539418         1
5329    599038    599258        -1
5329    602008    602898         1
5368    703138    703338         1
5371    740468    740568         1
5371    742668    743048        -1
5371    746398    746718         1
5371    747948    748448        -1
5371    768598    769018         1
5371    778438    778558        -1
5371    778628    778938         1
5371    779238    779838        -1
5371    799948    800088         1
5371    800158    800608        -1
5371    800838    800968         1
5371    801538    801708        -1
5371    801828    801958         1
5374    606808    606908        -1
5374    607548    607578         1
5380    917058    917748        -1
5380    918288    918478         1
5380    920728    921718        -1
5380    965348    965678         1
