              0              0
              1              0
              2              0
              3              0
              4              0
              5              0
              6              0
              7              0
              8              0
              9              0
             10              0
             11              0
             12              0
             13              0
             14              0
             15              0
             16              0
             17              0
             18              0
             19              0
             20              0
             21              0
             22              0
             23              0
             24              0
             25              0
             26             20
             27            222
             28           1643
             29           7479
             30          21719
             31          45087
             32          71494
             33          93193
             34         104617
             35         106336
             36          97876
             37          83261
             38          65302
             39          46954
             40          32770
             41          21327
             42          14075
             43           9464
             44           6899
             45           5414
             46           4496
             47           3909
             48           3482
             49           3405
             50           3422
             51           3545
             52           3826
             53           4332
             54           5377
             55           6754
             56           9484
             57          13827
             58          21184
             59          31776
             60          46700
             61          64548
             62          82357
             63          97758
             64         106191
             65         105052
             66          92871
             67          72059
             68          46529
             69          23366
             70           8632
             71           2095
             72            332
             73             28
             74              1
             75              0
             76              0
             77              0
             78              0
             79              0
             80              0
             81              0
             82              0
             83              0
             84              0
             85              0
             86              0
             87              0
             88              0
             89              0
             90              0
             91              0
             92              0
             93              0
             94              0
             95              0
             96              0
             97              0
             98              0
             99              0
