11.268         0
11.3278         0
11.3876         0
11.4473         0
11.5071         0
11.5669         0
11.6267         0
11.6864         0
11.7462         0
11.806         0
11.8658         0
11.9255         0
11.9853         0
12.0451         0
12.1049         0
12.1646         0
12.2244         0
12.2842         0
12.344         0
12.4037         0
12.4635         0
12.5233         0
12.5831         0
12.6428         0
12.7026         0
12.7624         0
12.8222         0
12.8819         0
12.9417         0
13.0015         0
13.0613         0
13.121         0
13.1808         0
13.2406         0
13.3004         0
13.3601         0
13.4199         0
13.4797         0
13.5395         0
13.5992         0
13.659         0
13.7188         0
13.7786         0
13.8383         0
13.8981         0
13.9579         0
14.0177         0
14.0774         0
14.1372         0
14.197         0
14.2568         0
14.3166         0
14.3763         0
14.4361         0
14.4959         0
14.5557         0
14.6154         0
14.6752         0
14.735         0
14.7948       642
14.8545      1571
14.9143      2017
14.9741      2400
15.0339      2802
15.0936      3057
15.1534      3307
15.2132      3474
15.273      3641
15.3327      3558
15.3925      3560
15.4523      3484
15.5121      3336
15.5718      3390
15.6316      3351
15.6914      3361
15.7512      3356
15.8109      3304
15.8707      3476
15.9305      3293
15.9903      3317
16.05      3338
16.1098      3269
16.1696      3190
16.2294      3097
16.2891      3060
16.3489      2961
16.4087      2957
16.4685      3069
16.5282      2948
16.588      2856
16.6478      2885
16.7076      2727
16.7673      2579
16.8271      2459
16.8869      2412
16.9467      2229
17.0064      2090
17.0662      1743
17.126      1448
17.1858       590
17.2455         0
17.3053         0
17.3651         0
17.4249         0
17.4846         0
17.5444         0
17.6042         0
17.664         0
17.7237         0
17.7835         0
17.8433         0
17.9031         0
17.9628         0
18.0226         0
18.0824         0
18.1422         0
18.2019         0
18.2617         0
18.3215         0
18.3813         0
18.441         0
18.5008         0
18.5606         0
18.6204         0
18.6801         0
18.7399         0
18.7997         0
18.8595         0
18.9192         0
18.979         0
19.0388         0
19.0986         0
19.1583         0
19.2181         0
19.2779         0
19.3377         0
19.3974         0
19.4572         0
19.517         0
19.5768         0
19.6365         0
19.6963         0
19.7561         0
19.8159         0
19.8756         0
19.9354         0
19.9952         0
20.055         0
20.1147         0
20.1745         0
20.2343         0
20.2941         0
20.3538         0
20.4136         0
20.4734         0
20.5332         0
20.5929         0
20.6527         0
20.7125         0
20.7723         0
