517148      2833
381440      2836
410120      2836
441960      2836
381480      2872
401280      2872
423800      2872
436220      2872
456300      2872
481648      2872
483068      2872
503948      2872
396900      2935
484588      2935
415100      2986
433000      2986
441680      2986
457780      3031
485348      3031
429140      3085
447080      3085
455160      3085
478260      3085
509488      3085
380580      3130
418060      3130
491108      3130
492108      3154
374540      3172
495988      3199
385700      3223
509928      3223
373260      3250
399020      3250
454040      3250
469360      3253
376140      3265
447820      3268
492548      3415
502308      3415
405280      3463
407660      3463
508388      3478
456720      3514
487568      3535
514308      3535
518248      3538
467120      3559
440900      3565
459240      3565
486548      3574
489028      3574
474400      3601
479540      3601
482528      3601
447320      3610
465200      3610
518628      3634
440040      3667
476960      3682
491928      3682
392100      3775
425280      3775
414140      3787
477960      3823
481828      3823
402940      3889
453540      3889
476360      3889
513248      3889
381020      3946
424720      3946
382360      3976
382740      3976
403560      3976
462380      4006
478240      4006
494348      4006
373160      4048
407900      4048
409880      4048
417900      4048
419880      4048
496588      4048
443760      4093
512488      4093
384040      4099
385660      4099
410120      4099
453080      4099
372780      4117
407280      4117
412540      4117
379280      4126
435400      4138
454380      4138
471860      4138
374620      4162
403020      4162
426140      4162
472200      4162
455040      4195
406420      4225
497228      4225
373040      4264
408960      4399
433880      4399
519808      4399
385240      4411
436380      4414
495548      4459
420700      4465
425040      4465
398900      4477
402780      4477
413080      4498
395740      4504
428700      4504
416540      4510
501288      4510
445560      4555
447720      4555
474960      4555
513068      4558
377780      4597
403000      4621
475220      4621
485428      4621
385920      4642
441380      4642
477460      4642
508508      4642
396080      4753
435540      4753
440420      4753
501448      4753
416420      4759
442220      4759
507608      4759
518108      4759
371920      4777
445380      4777
478200      4792
493028      4792
507428      4828
513828      4828
414280      4834
400120      4837
379640      4840
417480      4840
441960      4840
486988      4840
379980      4864
428740      4864
437440      4864
447560      4864
467200      4864
483808      4864
513248      4864
391680      4894
471520      4903
483288      4903
513428      4903
462440      4945
465000      4945
474380      4945
389420      4948
430320      4948
492688      4948
376200      4954
434200      4954
464120      4954
490988      4954
510368      4954
435800      4975
518408      4975
410380      5050
431040      5050
384420      5083
414860      5083
417000      5083
440800      5083
445500      5083
472180      5083
477320      5083
419260      5089
488048      5089
508288      5089
412180      5158
432140      5158
478260      5158
400140      5272
419640      5272
434720      5272
504728      5272
387400      5275
445200      5275
412460      5278
464060      5278
375240      5281
378080      5281
408200      5281
403500      5413
513568      5413
463660      5419
493268      5419
510588      5419
384860      5440
384020      5446
386840      5446
402260      5446
413260      5446
474260      5446
447800      5530
449080      5530
459540      5530
407660      5590
408960      5590
505668      5590
380480      5617
459580      5617
479620      5617
506108      5617
377860      5638
492168      5638
459040      5701
504428      5701
506908      5701
519068      5701
470180      5707
494488      5707
514168      5707
490948      5743
512828      5743
389660      5785
431540      5785
447340      5785
483688      5785
414120      5788
427660      5788
473960      5788
463820      5821
519128      5821
387040      5830
391080      5893
423700      5893
448740      5893
465480      5893
391640      5950
406440      5950
421160      5956
457940      5956
506868      5956
512148      5956
494948      6025
516908      6025
382420      6034
397280      6034
398700      6034
400140      6034
424680      6034
463840      6034
476940      6034
492188      6034
511768      6034
391840      6049
438840      6049
396300      6055
408100      6055
370660      6064
448780      6064
422500      6112
371160      6115
412940      6115
491988      6115
503088      6115
494508      6145
404300      6151
422700      6151
429900      6151
482988      6151
421300      6154
491348      6154
512868      6154
393300      6211
477620      6211
398180      6238
423460      6238
476440      6238
400540      6241
407580      6241
425840      6241
484128      6241
516408      6241
468880      6244
439080      6292
500388      6292
505848      6292
507048      6292
508648      6292
484188      6328
411240      6379
391060      6397
470360      6397
428940      6433
519588      6445
384840      6457
426740      6457
464580      6475
381400      6514
452120      6673
481168      6673
499108      6673
501908      6673
457700      6697
505948      6697
427480      6703
465220      6703
484568      6703
485448      6703
429780      6724
466180      6724
371300      6751
402040      6775
434820      6775
440060      6775
478880      6775
512748      6775
409940      6790
496948      6802
508288      6802
449400      6856
461520      6856
468600      6856
435460      6880
450300      6880
457980      6880
479260      6880
505668      6880
396040      6931
465380      6931
495588      7030
396460      7036
387400      7042
405880      7042
415120      7042
420060      7042
390660      7045
429100      7045
444180      7045
451440      7045
501988      7045
415820      7090
382000      7117
464260      7117
479240      7183
508748      7183
518088      7183
488088      7222
504408      7249
388900      7273
429900      7273
481888      7273
489688      7273
374540      7318
460140      7318
472520      7318
474680      7318
407560      7327
487628      7327
424260      7330
371140      7333
386580      7333
457160      7333
518008      7333
372100      7381
377060      7381
474500      7381
381100      7399
391880      7399
420100      7399
423540      7399
435500      7399
437020      7399
414800      7405
477620      7405
497248      7405
414220      7411
430920      7411
464680      7411
492108      7414
375920      7441
382360      7465
390460      7465
403760      7465
412380      7465
434140      7465
463520      7465
373560      7510
399740      7510
417640      7510
447260      7510
459040      7510
377060      7543
393060      7543
397340      7543
400760      7543
401280      7543
428880      7543
434560      7543
435400      7543
445320      7543
449880      7543
451720      7543
459060      7543
488348      7543
496128      7543
505948      7543
391500      7549
399860      7549
427000      7549
440340      7549
441280      7549
461840      7549
492048      7549
500848      7618
428280      7633
512968      7633
398060      7660
519628      7660
491508      7711
507568      7711
386240      7819
400280      7819
405500      7819
375700      7828
437140      7828
443640      7828
484448      7828
492168      7828
497268      7828
499108      7828
518808      7828
378340      7849
379840      7849
497748      7849
418720      7975
400460      8002
465500      8002
507548      8002
412820      8011
433740      8011
370660      8014
472700      8014
403420      8041
450740      8041
470380      8041
502668      8056
377040      8086
387260      8086
408640      8086
408200      8095
409640      8137
468600      8137
494948      8137
502128      8137
519568      8137
401280      8140
402560      8140
409040      8140
494068      8170
497788      8170
517708      8170
389800      8224
472940      8224
493168      8275
497228      8287
378880      8290
399900      8290
486348      8290
502648      8290
512068      8290
493308      8338
494268      8338
435880      8347
456920      8347
492808      8353
514528      8353
429700      8359
410120      8392
429160      8392
496948      8392
504288      8392
434100      8395
458760      8419
462520      8419
419460      8443
380200      8488
386660      8488
388120      8488
391660      8488
400380      8488
444640      8488
462120      8488
486788      8488
375440      8512
406460      8512
519748      8512
374280      8515
380800      8515
437580      8515
457040      8515
480648      8515
489788      8515
502108      8515
434500      8536
494568      8536
486748      8548
384120      8575
404920      8575
408780      8575
453140      8581
460720      8581
374100      8620
394680      8620
406820      8620
415540      8620
462620      8620
518188      8620
457380      8623
469080      8623
475420      8623
504008      8623
508908      8650
517008      8650
480208      8704
453700      8722
489648      8722
479640      8725
490788      8725
491748      8725
492628      8725
496688      8725
511328      8725
519668      8725
445100      8749
434140      8791
445640      8791
504868      8791
426660      8830
454240      8830
405140      8836
405860      8836
447900      8836
473740      8836
477660      8836
439500      8848
518028      8848
377660      8863
389240      8863
392600      8863
412580      8863
445300      8863
462400      8863
501148      8863
390540      8902
454100      8902
493328      8902
494648      8902
430540      8911
433460      8911
453700      8911
504168      8911
371320      8941
422280      8959
478000      8959
406240      8965
419380      9037
477620      9037
478360      9037
371120      9064
387160      9064
495528      9064
499408      9064
373720      9100
429520      9130
435860      9130
436720      9130
475500      9130
516128      9130
476460      9205
440480      9220
484588      9220
497228      9220
377360      9250
388160      9250
398240      9250
472380      9271
489248      9271
422640      9304
446880      9304
440220      9328
442140      9328
472580      9328
456240      9334
483908      9334
422180      9370
412960      9382
389680      9412
418620      9412
410380      9427
378520      9436
421540      9436
464220      9436
514588      9436
376340      9442
482828      9493
414780      9514
400800      9541
468000      9565
490708      9571
492088      9571
492688      9571
494168      9571
393560      9682
415540      9682
439660      9682
476660      9682
426080      9685
423380      9688
436880      9688
469700      9691
388020      9715
393340      9715
476020      9715
494848      9715
418160      9739
436940      9742
414640      9754
416700      9754
485048      9754
373540      9757
426780      9790
423400      9829
481508      9829
376680      9859
413300      9859
414320      9859
472920      9859
407820      9865
414120      9865
415720      9865
416220      9865
438140      9865
372320      9880
423240      9880
431960      9880
443320      9880
443780      9880
415380      9928
416560      9988
441860      9988
480848     10024
514408     10024
433620     10039
384680     10042
446000     10051
427900     10090
430100     10090
455620     10090
461080     10090
493828     10090
495668     10090
422280     10126
485748     10126
382180     10147
393000     10147
409120     10147
450420     10147
470720     10147
416560     10165
423440     10267
391660     10294
432840     10294
465860     10309
498868     10309
376420     10351
412020     10351
463580     10351
478140     10351
505048     10351
441880     10366
371460     10381
393140     10381
404640     10381
473720     10381
445480     10411
472220     10411
484308     10411
442960     10498
475840     10498
518668     10498
502268     10507
408780     10522
409920     10573
484148     10573
496528     10573
507848     10573
381660     10597
436140     10597
505688     10597
395620     10615
460040     10615
463720     10615
490568     10615
411900     10627
415140     10627
466920     10627
470220     10627
471160     10627
492588     10627
389120     10633
416240     10633
464160     10660
464980     10660
420820     10687
425200     10687
485468     10687
507768     10687
473380     10705
481668     10705
511648     10705
512968     10705
516468     10705
386820     10708
483388     10708
411600     10714
478840     10714
487548     10714
487228     10723
504028     10723
512628     10723
424820     10759
434400     10759
454640     10759
466920     10759
505048     10759
378900     10765
447380     10765
487028     10765
477100     10795
483788     10795
506988     10795
426620     10804
407880     10837
436280     10837
494928     10837
496188     10837
421080     10864
488348     10864
395660     10888
512568     10903
387020     10912
415920     10912
403340     11026
413140     11044
445560     11044
500108     11044
391080     11053
454660     11053
467660     11053
472620     11053
393620     11089
485208     11089
403840     11098
499668     11098
509068     11098
495628     11140
497688     11140
451760     11146
505548     11146
414860     11161
416140     11161
417020     11161
500748     11161
481748     11173
497288     11173
516708     11173
517288     11173
497188     11176
480668     11209
488368     11209
484048     11233
486248     11254
387280     11257
394460     11257
396880     11257
459420     11257
464940     11257
499908     11257
421920     11281
379100     11311
407800     11320
431820     11323
432860     11344
493188     11344
502248     11344
440840     11371
461560     11371
506248     11371
519828     11371
481608     11440
489228     11440
482608     11443
499248     11443
371060     11458
438980     11458
480948     11458
441440     11470
444940     11470
453240     11470
481788     11470
450080     11491
494128     11491
500388     11491
511888     11491
386640     11560
445760     11560
459140     11560
485628     11563
501708     11563
493948     11635
375720     11644
378980     11644
449020     11644
463960     11644
487008     11683
516508     11683
404380     11752
468740     11752
470640     11752
472760     11752
484708     11752
389040     11785
399100     11818
444000     11818
383020     11821
476280     11836
482368     11851
505048     11851
464840     11860
488908     11860
515648     11860
507788     11914
515908     11914
516368     11914
480000     11938
502008     11938
508528     11938
513388     11938
463000     11962
489548     11962
493628     11962
382480     11980
385020     11980
483168     12001
374520     12004
430020     12004
485508     12004
506268     12004
427800     12040
486848     12043
406320     12055
431700     12055
462400     12055
402780     12079
404240     12079
413960     12079
449480     12079
371140     12100
379180     12100
435060     12100
464940     12100
436220     12109
479540     12109
481088     12109
498668     12109
372140     12121
462480     12121
460720     12142
497208     12142
498808     12142
458560     12145
460160     12157
404980     12169
408840     12169
401340     12181
402100     12181
412520     12181
460360     12181
472640     12181
418860     12211
383760     12241
386700     12244
424560     12244
432080     12244
446720     12244
462800     12244
504288     12259
513748     12259
392980     12292
372480     12307
496328     12358
459620     12409
485188     12409
503548     12409
370780     12436
377040     12436
385280     12436
412600     12436
504148     12436
384760     12460
393240     12460
403960     12460
420180     12460
380260     12493
426400     12493
430540     12496
481248     12496
490908     12496
494228     12496
501488     12496
510448     12496
513368     12496
515748     12496
393500     12505
504008     12505
418680     12535
444360     12535
445980     12535
472700     12535
428340     12544
399600     12562
446940     12562
482948     12592
376100     12610
477720     12610
411140     12643
422160     12643
495708     12643
504668     12727
376280     12730
395640     12730
424920     12730
438820     12730
473180     12739
512348     12739
404040     12754
379180     12790
476660     12790
395240     12796
401820     12796
441500     12796
445240     12796
465840     12796
470100     12796
472480     12796
411820     13000
379400     13006
388120     13006
478160     13006
494408     13006
436320     13030
448280     13063
459300     13063
491568     13063
382380     13150
449000     13150
375260     13180
405540     13228
446640     13228
496688     13315
378020     13321
379180     13321
451320     13321
459640     13321
395260     13330
407100     13393
387780     13417
408660     13417
425260     13417
442280     13555
489348     13603
494688     13603
372380     13624
423480     13624
464980     13624
467200     13624
447660     13639
460200     13639
428340     13681
481208     13690
491228     13690
382640     13699
389640     13699
427740     13699
461180     13699
498348     13699
499408     13699
371520     13702
427940     13702
454040     13702
386960     13738
391660     13738
393780     13738
441160     13738
459400     13738
496788     13738
399820     13747
450400     13771
473680     13771
408860     13774
494168     13786
375320     13840
421760     13840
424220     13840
426400     13840
438860     13840
463840     13840
498468     13840
516488     13840
382340     13843
456520     13843
402560     13861
418860     13861
434060     13861
447020     13861
475280     13861
486968     13861
488048     13861
488768     13861
519748     13861
441360     13894
468460     13894
489348     13894
500888     13894
430520     13942
466180     13942
472080     13942
507748     13942
382840     13972
391000     13972
390720     13993
416780     13993
453700     13993
388640     13999
413480     13999
496508     13999
509048     14005
396900     14017
415620     14017
448980     14059
469920     14059
479920     14059
461000     14125
492828     14125
470740     14170
408300     14236
419820     14236
451540     14236
502888     14236
503908     14236
505468     14236
517908     14236
393780     14251
445840     14281
446900     14281
448140     14281
475020     14281
486928     14281
507008     14281
517068     14281
426540     14332
428080     14332
433920     14347
446160     14347
426800     14419
499748     14419
489748     14428
419080     14443
397180     14479
390540     14491
392960     14491
420040     14491
425280     14491
444180     14491
482908     14491
414840     14632
496308     14632
429400     14635
430960     14635
432120     14635
435480     14635
460240     14635
387960     14671
435400     14671
510008     14671
493588     14725
385980     14740
431640     14740
487928     14740
519548     14740
468260     14752
451000     14791
487688     14791
505708     14791
476000     14806
489348     14833
494088     14833
400640     14836
404640     14836
429860     14836
454380     14836
463900     14836
472940     14836
504848     14836
468720     14869
500608     14869
500908     14869
509248     14869
518068     14869
506888     14887
403280     14923
465980     14923
492628     14923
463060     14992
486988     14992
420760     15010
464720     15010
374320     15031
376500     15031
481388     15031
431940     15052
437940     15052
481408     15064
510828     15064
473720     15079
429000     15088
406680     15091
415640     15091
418080     15100
469000     15100
441480     15106
471460     15127
478900     15127
379380     15136
424980     15136
482348     15136
403760     15172
405520     15172
406540     15172
417440     15172
438760     15193
399300     15202
496588     15223
376080     15346
372320     15373
431100     15373
434040     15373
450600     15373
461660     15373
414240     15403
435920     15403
456580     15403
457240     15403
464280     15403
486768     15403
495048     15403
375720     15427
402180     15427
405000     15427
477040     15427
494428     15427
399560     15466
447640     15466
403100     15478
486188     15490
501308     15490
505528     15490
506928     15490
519288     15490
483628     15520
435200     15547
456540     15574
462960     15574
502628     15574
511148     15574
384880     15577
385640     15577
476700     15577
373480     15580
374060     15586
378380     15586
388480     15586
430280     15586
431580     15586
469740     15586
411660     15613
438020     15613
508708     15619
483088     15631
487428     15631
488548     15631
393380     15667
401000     15667
434680     15667
404360     15673
470140     15673
477300     15709
373060     15730
381200     15730
416500     15730
500848     15730
395820     15748
482368     15748
509908     15748
376260     15769
383580     15769
409340     15769
422040     15769
431420     15811
436720     15811
500448     15811
409140     15829
435580     15829
472920     15829
388820     15838
413160     15838
448420     15838
403980     15892
422700     15892
435700     15892
454200     15892
486108     15892
494128     15892
496688     15892
502688     15892
406940     15925
435340     15925
462100     15925
487088     15925
488108     15925
492268     15925
517588     15925
381980     15958
402820     15958
404040     15958
500588     15958
470880     16045
506068     16045
374660     16069
474000     16069
483028     16069
492628     16069
501808     16069
502588     16069
389400     16111
493388     16114
432620     16144
371160     16165
374460     16192
409820     16192
482488     16192
376120     16279
445160     16279
469380     16279
389560     16291
492468     16306
496448     16306
513608     16306
384360     16315
392660     16315
379020     16330
406460     16330
483508     16378
484708     16378
376460     16402
382020     16402
446740     16402
491028     16402
494428     16402
374540     16408
400100     16408
511288     16408
436480     16450
465620     16450
502008     16450
471200     16507
487108     16507
510568     16507
517928     16507
399460     16546
442900     16561
491288     16618
504348     16618
370720     16651
380140     16651
380980     16651
389340     16651
421800     16651
483628     16651
371480     16750
458260     16750
391780     16777
399400     16777
420120     16807
472080     16807
483788     16810
512068     16810
452800     16822
371600     16855
402420     16858
453500     16858
468640     16858
433820     16864
446360     16864
456820     16864
466220     16864
483668     16864
499588     16864
427640     16879
484628     16879
374080     16897
387480     16897
411280     16897
430640     16897
439540     16897
485128     16897
516548     16897
386940     16930
475700     16930
391560     16948
434300     16948
380060     16987
382660     16987
442620     16987
453800     16987
500228     16987
398480     17065
444660     17065
472900     17065
475120     17065
493628     17065
518568     17065
441560     17098
462160     17098
465340     17098
473740     17098
513628     17098
388240     17107
396980     17107
390640     17167
514848     17176
448640     17182
511468     17191
450560     17209
384480     17212
448700     17212
378820     17236
493768     17236
496308     17242
509988     17272
398740     17305
492968     17305
459780     17323
461120     17323
381820     17395
459860     17413
402840     17422
423400     17476
473660     17512
424880     17578
428220     17578
430360     17578
424480     17590
371840     17599
458720     17599
464380     17599
495688     17599
500488     17599
504208     17599
511228     17599
518828     17599
384580     17638
393520     17638
430840     17638
374380     17656
426540     17656
482868     17656
489208     17656
512868     17656
404000     17659
408420     17659
422380     17659
489188     17659
491568     17659
371320     17677
391840     17677
430760     17677
455720     17677
460180     17677
491808     17677
384400     17710
411000     17710
451840     17710
471160     17710
478720     17710
502388     17710
492828     17737
493928     17737
418100     17779
487488     17779
519688     17779
372740     17782
372020     17851
495028     17857
403320     17893
467580     17893
507228     17893
391180     17899
394660     17899
483668     17899
491048     17899
498008     17899
519788     17899
451380     17947
462780     17947
518148     17983
385280     18007
406120     18007
438040     18007
450060     18007
486468     18058
515928     18058
397360     18091
410620     18091
467840     18091
414660     18163
440880     18163
476040     18163
378640     18211
385400     18211
399300     18211
463020     18211
516328     18211
482208     18316
496808     18316
519048     18316
435580     18403
465100     18403
409140     18457
421340     18457
499228     18457
374420     18463
389200     18463
434240     18463
446880     18463
463300     18463
487688     18463
400980     18475
467680     18493
488788     18493
496268     18493
513428     18493
386260     18517
418080     18517
381660     18535
401800     18535
404900     18574
419740     18574
449320     18574
469300     18574
511968     18574
388940     18658
425780     18658
381300     18664
382480     18664
399680     18664
421440     18664
477280     18667
499148     18700
466960     18703
487648     18727
405700     18739
376560     18823
385980     18823
386640     18823
372780     18832
382220     18832
449600     18832
472000     18832
468180     18889
508308     18889
400680     18958
454120     18958
396340     18970
453660     18970
515028     19009
377200     19048
424120     19054
479620     19054
423540     19057
431440     19057
483048     19057
486848     19057
504788     19057
371520     19066
445400     19066
418540     19084
502468     19084
401980     19117
434880     19117
470360     19117
476940     19117
493088     19117
440920     19123
482988     19123
397220     19126
421700     19126
439100     19126
442820     19126
446340     19126
451800     19126
467160     19126
378640     19129
423000     19129
474220     19174
433600     19189
470220     19189
427320     19195
443840     19195
467400     19195
506988     19225
452120     19240
481028     19249
510628     19249
515628     19249
451080     19267
461620     19267
465100     19267
388760     19312
383940     19363
405500     19363
476820     19363
393940     19372
430440     19372
468420     19372
494048     19393
499728     19393
482148     19456
488768     19456
498208     19456
519828     19456
420320     19468
437960     19468
461200     19468
376400     19471
382800     19471
468780     19486
504408     19486
507008     19486
461060     19510
373920     19513
382660     19513
392580     19519
416540     19519
489928     19519
471000     19525
501548     19525
519088     19549
439920     19624
384160     19633
406420     19633
429160     19633
517468     19633
467920     19657
487248     19657
399500     19702
407040     19702
427980     19702
446920     19702
519368     19702
371440     19765
416040     19765
451100     19765
417900     19774
436420     19774
423840     19804
451600     19804
455960     19804
480000     19831
378960     19849
475160     19849
494988     19849
513348     19849
412560     19897
433040     19897
406260     19900
485028     19906
490408     19906
493048     19906
507868     20008
378640     20029
385220     20029
435860     20029
480668     20029
380680     20080
439340     20080
472720     20080
374840     20110
395060     20110
483188     20110
441220     20242
484488     20242
390400     20251
440060     20251
441560     20251
487648     20251
467680     20302
473020     20302
480528     20302
489988     20302
510528     20302
411960     20419
422340     20419
454080     20434
485488     20434
507228     20434
413760     20473
478880     20473
486968     20473
405400     20521
429720     20521
425240     20551
499288     20551
386840     20584
450680     20584
398680     20602
505288     20620
393540     20644
433220     20644
469420     20644
483748     20653
384060     20656
387460     20656
408680     20656
419840     20656
383500     20677
457900     20677
486948     20677
515648     20677
465040     20710
518028     20731
426340     20743
481708     20743
499308     20743
509768     20743
430180     20749
440300     20749
485208     20749
495288     20749
512428     20749
476420     20776
496908     20776
507188     20776
406440     20842
425560     20842
447360     20842
403480     20875
419340     20875
422540     20875
436100     20875
454320     20875
471420     20875
493208     20875
492888     20938
438280     20956
482908     20956
413000     20986
454440     20986
425540     20995
407780     21049
486048     21049
501208     21049
505068     21049
445900     21133
375180     21163
372160     21211
373120     21211
375640     21211
456540     21211
518168     21211
407600     21217
492148     21223
447520     21226
448580     21226
469140     21226
496148     21325
396640     21388
465960     21388
458560     21409
471980     21409
486788     21409
502888     21409
404960     21424
382000     21484
436220     21499
483748     21499
474960     21532
387920     21538
486128     21538
428140     21562
453620     21562
456940     21562
477580     21562
481828     21562
503788     21562
382560     21586
425160     21586
373100     21592
388240     21592
433660     21592
442800     21592
474860     21592
423180     21694
383640     21718
388320     21718
487088     21718
422680     21721
460920     21721
468960     21721
379580     21808
424780     21808
487028     21808
382500     21826
469100     21826
479660     21826
511928     21826
378900     21847
381560     21859
399020     21940
443680     21940
493268     21940
427040     21955
430720     21955
462480     21955
463000     21955
469920     21955
408660     21967
410700     21967
481948     22012
436200     22075
465940     22075
513528     22075
377200     22093
387360     22093
484528     22093
519228     22093
445600     22099
466840     22099
428280     22126
434200     22126
480868     22126
515128     22126
390960     22141
474140     22147
482308     22174
504948     22186
449540     22195
377460     22204
391540     22204
427880     22204
443840     22204
486908     22204
494448     22204
469060     22276
401720     22342
420940     22342
443900     22342
514228     22342
428340     22357
386740     22447
447440     22447
450500     22447
458380     22447
460220     22447
384620     22525
474660     22525
393580     22552
464640     22594
484648     22594
380820     22597
491808     22597
386720     22609
404780     22609
474500     22609
480488     22609
371840     22615
381240     22615
462640     22621
508448     22621
515708     22621
428740     22645
472880     22645
509988     22720
400860     22735
463280     22735
466920     22735
376680     22738
423080     22738
511628     22738
500108     22768
373120     22831
393020     22831
406180     22831
413240     22831
429240     22831
472460     22831
515948     22831
404360     22834
422280     22834
512808     22834
402040     22843
418120     22918
503628     22918
509488     22918
386900     22951
422400     22951
390220     22966
491608     22972
494308     22972
493648     23038
376060     23059
455440     23059
465720     23059
490928     23059
496228     23065
397780     23074
400940     23074
459900     23080
425220     23128
486268     23140
393940     23152
426020     23152
443520     23152
382320     23179
478180     23206
514048     23206
459420     23215
465100     23221
380140     23263
425940     23263
450020     23362
482148     23362
488188     23362
491928     23362
515368     23365
372000     23407
373000     23407
402200     23407
468240     23407
485608     23410
489228     23410
491608     23410
500028     23410
508368     23410
377560     23455
506328     23455
510868     23650
508068     23674
511848     23674
486228     23677
494688     23677
405520     23683
415540     23683
417320     23683
499168     23692
505448     23692
432740     23701
495268     23701
387700     23749
518488     23749
395460     23797
433720     23824
468720     23860
477380     23860
372940     23878
420740     23878
444320     23878
452000     23878
454620     23878
487308     23878
493468     23878
515828     23878
484668     23890
447140     23905
462200     23905
462960     23905
465460     23905
466500     23905
466940     23905
470400     23905
473060     23905
473960     23905
497908     23905
376040     23917
388860     23926
510568     23929
417140     23941
501008     23941
408380     23965
370720     23974
389340     23974
429220     23974
434180     23974
449080     23974
450800     23974
453680     23974
457540     23974
474320     23974
435780     23992
431200     24100
471420     24100
415420     24115
496768     24115
373980     24205
393060     24205
474820     24205
506248     24205
377900     24223
416960     24223
425080     24223
446740     24223
459260     24223
479760     24235
513308     24235
517708     24235
510828     24358
517508     24358
481288     24367
486188     24367
415220     24376
445920     24382
493868     24457
510248     24457
515808     24457
432680     24460
432180     24466
402540     24532
379600     24538
424440     24538
433620     24538
439820     24538
482728     24538
490528     24538
380500     24541
412020     24541
426840     24541
505108     24541
512848     24541
519648     24541
431980     24565
469800     24565
382860     24589
388380     24589
442740     24589
472620     24589
492668     24592
493528     24592
507688     24592
394280     24661
441100     24661
388160     24670
394320     24670
392600     24685
397820     24685
473780     24685
489228     24685
375460     24709
438080     24709
484008     24709
499608     24709
419680     24712
492168     24712
510948     24712
516988     24712
