516648      2833
381880      2836
440660      2836
512588      2857
381840      2872
407000      2872
434940      2872
436700      2872
476260      2872
482908      2872
502468      2872
504788      2872
382680      2935
453840      2935
486148      2935
408320      2986
419700      2986
436400      2986
441820      2986
477060      3031
446660      3085
450340      3085
473940      3085
496668      3085
379420      3130
412100      3130
427300      3130
405120      3172
498028      3199
512428      3199
413220      3223
494768      3223
398380      3250
450500      3250
467700      3253
435740      3265
370900      3277
377480      3373
491648      3415
518968      3415
376020      3463
405780      3463
469800      3463
389420      3514
489748      3535
416720      3538
513768      3538
519528      3538
459800      3559
472400      3559
474380      3559
441240      3565
506988      3565
484228      3574
488868      3574
489128      3574
473940      3601
474600      3601
519828      3601
460460      3610
465480      3610
503508      3643
519448      3667
429640      3682
517128      3721
395820      3757
414900      3775
450020      3775
472400      3787
478080      3823
425760      3889
483308      3889
414840      3946
380540      3976
382500      3976
383680      3976
427300      3976
477060      4006
494108      4006
515188      4006
406660      4048
408600      4048
410820      4048
419640      4048
446660      4048
496688      4048
393840      4093
469180      4093
482888      4093
385380      4099
372460      4117
379840      4117
407960      4117
378340      4126
392500      4126
454100      4138
471700      4138
384200      4162
412180      4162
442020      4162
394600      4225
423440      4225
512868      4225
431840      4264
455700      4288
374420      4399
413960      4399
448320      4399
495628      4399
517128      4411
478500      4414
393020      4465
421200      4465
401840      4477
481688      4477
500308      4477
411760      4498
396980      4504
429020      4504
500868      4510
446000      4555
473180      4555
478840      4555
381500      4597
501548      4597
372260      4621
447160      4621
385320      4642
441280      4642
442020      4642
507868      4642
509308      4642
423620      4753
438040      4753
458520      4753
499748      4753
506328      4753
423400      4759
466660      4759
517788      4759
518548      4759
423980      4777
464840      4792
476080      4792
488708      4792
512608      4828
390760      4837
485488      4837
377740      4840
417320      4840
436360      4840
482868      4840
428420      4864
432340      4864
443140      4864
457100      4864
475440      4864
491868      4864
453060      4894
473180      4903
501068      4903
435640      4945
462840      4945
469640      4945
417060      4948
474920      4948
491908      4948
431180      4954
434780      4954
489588      4954
401860      4966
430780      4975
471140      4975
474960      4984
385200      5050
430900      5050
453460      5050
397500      5083
416680      5083
417460      5083
441180      5083
466760      5083
472820      5083
490608      5083
481008      5089
496548      5089
474080      5158
387060      5272
414360      5272
434060      5272
445000      5275
516388      5275
462640      5278
464400      5278
377100      5281
406260      5281
439180      5281
383820      5314
381600      5419
476000      5419
496788      5419
383340      5446
385860      5446
401920      5446
402620      5446
414920      5446
389260      5458
447700      5530
454000      5530
494968      5542
407820      5590
473520      5590
506128      5590
372560      5617
405780      5617
471740      5617
434840      5638
454840      5701
483488      5701
505128      5701
507328      5701
519888      5701
469540      5707
491648      5707
510708      5707
515248      5707
433500      5743
505588      5743
384120      5785
427000      5785
432340      5785
464800      5785
424280      5788
475420      5788
508928      5821
519628      5821
395380      5830
420900      5893
425560      5893
464840      5893
502228      5893
400880      5950
494128      5950
405800      5956
443600      5956
505448      5956
512008      5956
516048      6025
379500      6034
396440      6034
397460      6034
399600      6034
417120      6034
463220      6034
464660      6034
491468      6034
500268      6034
399580      6049
519788      6049
383420      6055
407660      6055
441860      6055
370980      6064
458940      6112
412440      6115
491268      6115
495268      6115
506668      6115
445100      6145
494348      6145
391360      6151
422340      6151
429420      6151
434260      6151
483408      6151
420660      6154
481388      6154
493128      6154
513148      6154
473360      6211
484748      6211
501568      6211
403220      6238
475540      6238
499468      6238
401120      6241
424900      6241
480548      6241
516008      6241
485428      6244
439580      6292
496588      6292
500608      6292
506128      6292
507708      6292
453880      6328
487668      6328
398100      6370
370700      6379
390040      6397
464080      6397
503268      6397
380360      6409
462320      6433
515068      6433
493288      6445
389120      6457
452360      6673
494288      6673
501248      6673
514388      6673
385200      6697
425500      6703
427660      6703
466040      6703
484728      6703
390360      6724
453860      6724
467640      6724
392320      6766
431680      6775
439240      6775
471640      6775
479260      6775
497788      6802
460020      6856
462580      6856
444860      6880
450980      6880
479720      6880
495688      6880
423960      6931
429760      7006
453200      7027
397660      7036
405320      7042
408620      7042
416260      7042
418280      7042
518768      7042
389740      7045
428720      7045
436660      7045
444480      7045
484848      7045
415520      7090
444060      7090
508268      7105
385320      7117
462460      7117
468820      7117
510988      7183
388700      7273
429060      7273
472260      7273
485268      7273
506168      7273
419940      7318
469120      7318
473140      7318
416080      7327
461920      7327
370920      7330
384500      7333
401200      7333
514868      7333
370540      7381
376000      7381
382500      7381
381460      7399
402580      7399
422080      7399
425340      7399
436560      7399
494488      7399
416280      7405
482468      7405
373280      7411
424620      7411
450380      7411
517848      7414
387760      7465
399800      7465
411620      7465
413060      7465
436060      7465
472880      7465
374020      7510
402100      7510
436860      7510
456680      7510
464740      7510
492988      7510
376780      7543
392840      7543
397180      7543
397460      7543
400920      7543
428220      7543
431800      7543
435200      7543
435640      7543
446520      7543
451040      7543
454200      7543
485668      7543
490188      7543
504728      7543
512368      7543
386620      7549
397440      7549
402300      7549
427760      7549
440740      7549
458320      7549
486468      7549
493748      7618
499208      7633
447860      7660
488928      7711
496808      7711
379820      7819
393980      7819
402780      7819
421320      7828
437800      7828
444140      7828
486868      7828
496488      7828
498428      7828
499348      7828
379080      7849
422860      7849
414160      7975
440460      7975
497168      7975
388080      8002
448520      8002
507908      8002
408660      8011
419840      8011
375940      8014
472020      8014
429960      8035
423200      8041
457340      8041
486668      8041
503088      8056
386800      8086
405380      8086
429100      8086
386160      8095
469140      8137
494808      8137
495648      8137
507168      8137
519848      8137
402140      8140
402780      8140
421680      8140
497348      8170
516048      8170
374580      8224
426220      8224
474560      8224
450240      8239
463240      8269
510808      8287
391500      8290
472700      8290
493368      8290
510668      8290
515568      8290
493968      8338
445780      8347
490108      8353
509768      8353
429000      8359
419920      8392
447600      8392
503728      8392
504508      8392
404700      8395
463240      8395
507448      8395
457200      8407
459620      8419
515648      8419
378700      8443
380820      8488
387460      8488
388700      8488
399480      8488
406160      8488
446220      8488
493168      8488
373020      8512
405720      8512
467280      8512
375380      8515
407520      8515
445080      8515
474420      8515
481348      8515
499048      8515
481988      8536
496608      8536
413860      8548
496748      8548
383540      8575
400060      8575
407680      8575
432820      8575
454740      8581
481488      8581
372000      8620
381880      8620
406640      8620
413520      8620
417500      8620
400680      8623
461220      8623
475260      8623
485688      8623
512668      8650
517168      8650
519408      8686
373940      8704
491488      8704
483268      8722
494108      8722
485928      8725
491088      8725
492308      8725
496408      8725
501208      8725
511868      8725
446120      8749
435080      8791
468340      8791
506568      8791
470700      8821
431140      8830
454520      8830
377560      8836
405620      8836
408800      8836
448740      8836
474500      8836
519008      8836
387920      8848
456260      8848
519108      8848
378080      8863
389760      8863
401940      8863
445120      8863
460300      8863
465300      8863
446880      8902
493068      8902
494308      8902
430900      8911
441420      8911
503888      8911
371740      8941
400960      8959
433320      8959
493228      8965
477220      9037
477860      9037
478980      9037
372220      9064
426920      9064
496768      9064
505608      9064
505528      9109
383360      9127
433760      9130
436280      9130
474760      9130
496608      9130
474640      9205
487048      9205
422120      9220
484348      9220
487788      9220
377120      9250
387740      9250
395860      9250
415980      9250
485888      9250
432420      9271
472900      9271
489848      9271
433000      9304
512408      9304
441440      9328
472820      9328
470000      9334
484328      9334
414520      9370
458920      9370
427580      9382
381340      9385
424320      9385
393880      9412
415200      9412
410820      9427
384700      9436
424740      9436
504028      9436
381040      9442
392220      9541
401260      9541
426580      9565
491728      9571
492208      9571
493408      9571
394980      9682
415640      9682
440520      9682
423040      9688
436040      9688
461940      9688
469320      9691
391320      9715
475580      9715
490348      9715
425520      9739
437820      9742
416240      9754
418020      9754
486068      9754
413000      9790
411560      9829
421100      9829
471220      9829
484168      9829
401960      9859
414120      9859
422780      9859
391260      9865
408780      9865
414440      9865
416060      9865
437540      9865
480020      9865
377240      9880
422980      9880
424320      9880
435440      9880
443620      9880
445340      9880
426100      9928
415920      9988
482388      9988
475440     10024
503048     10024
433280     10039
444560     10051
465660     10051
425400     10090
428620     10090
455180     10090
456300     10090
461780     10090
493968     10090
510208     10090
413400     10126
421540     10126
425140     10126
391880     10147
403540     10147
444880     10147
459120     10147
476020     10147
486128     10267
373780     10273
405140     10273
403300     10294
447020     10294
462620     10309
498188     10309
406660     10351
414940     10351
468960     10351
420100     10366
373220     10381
393400     10381
471420     10381
488088     10381
459660     10411
483008     10411
474380     10498
510108     10498
518248     10504
513268     10507
412140     10522
475040     10543
406540     10573
484308     10573
506288     10573
406440     10597
505528     10597
517288     10597
380720     10615
460320     10615
469780     10615
500608     10615
413740     10627
428060     10627
469780     10627
470520     10627
473020     10627
513048     10627
414520     10633
464720     10660
418280     10687
424720     10687
438360     10687
505868     10687
477460     10705
488788     10705
511868     10705
514968     10705
516708     10705
476300     10708
497668     10708
412460     10714
479200     10714
479240     10723
488288     10723
511588     10723
416080     10759
426060     10759
453960     10759
465740     10759
496668     10759
378080     10765
412360     10765
468700     10765
452820     10795
483048     10795
488128     10795
511108     10819
377800     10837
412980     10837
457740     10837
489128     10837
495648     10837
420340     10864
489068     10864
407160     10888
396960     10912
411220     11026
425380     11044
467100     11053
468260     11053
464160     11098
499768     11098
488888     11140
497328     11140
498888     11140
451200     11146
451960     11146
412420     11161
415760     11161
416720     11161
433580     11161
513208     11161
413280     11173
491728     11173
504488     11173
516908     11173
517488     11173
494508     11176
464180     11209
486608     11209
497168     11209
472460     11233
418040     11254
376780     11257
387140     11257
396720     11257
432200     11257
463180     11257
499468     11257
384720     11281
376880     11311
408180     11320
429300     11323
484408     11323
490028     11344
494608     11344
460780     11371
474720     11371
517868     11371
482108     11440
492068     11440
446860     11443
485508     11443
436780     11458
480788     11458
481328     11458
444420     11470
447240     11470
453540     11470
494128     11470
449260     11491
459240     11491
499688     11491
508528     11491
388260     11560
406400     11560
453240     11560
484808     11563
492428     11563
504888     11563
403500     11629
422480     11635
496448     11635
376280     11644
448560     11644
456500     11644
476680     11644
486568     11683
502608     11683
446460     11752
470380     11752
471800     11752
475140     11752
504088     11752
500428     11806
389080     11818
408500     11818
457880     11851
509808     11851
488368     11860
489728     11860
515948     11860
418500     11869
514468     11914
516128     11914
516648     11914
405760     11932
491648     11938
502108     11938
508848     11938
462100     11962
489108     11962
493888     11962
517568     11962
383060     11980
399680     11980
394800     12004
485008     12004
486688     12004
507548     12004
437360     12040
430420     12055
442520     12055
378740     12079
403120     12079
404480     12079
448900     12079
471080     12079
372980     12100
428960     12100
442300     12100
481628     12100
465620     12109
480908     12109
496268     12109
456640     12121
390560     12142
497668     12142
449260     12145
444600     12157
515528     12157
408460     12169
432920     12169
399340     12181
401940     12181
403640     12181
460500     12181
390900     12211
430180     12211
448540     12241
472160     12241
386820     12244
430740     12244
435060     12244
452880     12244
494088     12244
404860     12259
509108     12259
409440     12292
470600     12358
505128     12358
432360     12409
484928     12409
493608     12409
474160     12418
376380     12436
384920     12436
385580     12436
482708     12436
507908     12436
387620     12460
396080     12460
409080     12460
421360     12460
447980     12481
409800     12493
448480     12493
481088     12496
482228     12496
491328     12496
496628     12496
501908     12496
511308     12496
515088     12496
375540     12505
438200     12505
507028     12505
418340     12535
421200     12535
445480     12535
465400     12535
386340     12544
445220     12544
398960     12562
406380     12562
510448     12562
503868     12592
372140     12610
439660     12610
489728     12610
387060     12643
417940     12643
479840     12643
504408     12727
378560     12730
410040     12730
431040     12730
463480     12730
511508     12739
514508     12748
399480     12754
407740     12754
379360     12772
393520     12790
398580     12796
430160     12796
444740     12796
465540     12796
466020     12796
471240     12796
474380     12796
457780     13000
432860     13003
436580     13003
386260     13006
388700     13006
485148     13006
395160     13063
449860     13063
464540     13063
517568     13063
378500     13150
382660     13150
374680     13180
444640     13180
449060     13180
460700     13180
407360     13228
463560     13228
434620     13273
392900     13315
449120     13315
371140     13321
378420     13321
379620     13321
459300     13321
377440     13330
406520     13393
386540     13417
388320     13417
415880     13417
378920     13438
512968     13438
494588     13516
429140     13555
443800     13555
494068     13603
423320     13624
434820     13624
467000     13624
421560     13639
454720     13639
492408     13639
402880     13681
428000     13681
466320     13690
481668     13690
518448     13690
388840     13699
426780     13699
428160     13699
497808     13699
498868     13699
515788     13699
380140     13702
453120     13702
384280     13738
387400     13738
393600     13738
418960     13738
450940     13738
489188     13738
371220     13747
429480     13747
392340     13771
473360     13771
491188     13771
378080     13774
504828     13786
418660     13840
422960     13840
424740     13840
426540     13840
454880     13840
490168     13840
513408     13840
381740     13843
440860     13843
456980     13843
374320     13861
407600     13861
433880     13861
470520     13861
486468     13861
487608     13861
488388     13861
500528     13861
428800     13894
467300     13894
485608     13894
491708     13894
515408     13894
377600     13909
499908     13933
425200     13942
451840     13942
467540     13942
390660     13972
396560     13972
399780     13993
424660     13993
469960     13993
398960     13999
440020     13999
518528     13999
519108     14005
414700     14017
450100     14059
470340     14059
482808     14059
473700     14125
496868     14125
517348     14170
380440     14236
408520     14236
440780     14236
464640     14236
503608     14236
504368     14236
506188     14236
518128     14236
409700     14251
401660     14281
446240     14281
447660     14281
457060     14281
485288     14281
497088     14281
516888     14281
389320     14332
426700     14332
387540     14338
404120     14338
411740     14338
412440     14347
434540     14347
474180     14347
433200     14428
489988     14428
411620     14443
460060     14443
374880     14479
372640     14491
392300     14491
419540     14491
420420     14491
426400     14491
463400     14491
390320     14500
382260     14632
475720     14632
428240     14635
429580     14635
431380     14635
435340     14635
445960     14635
507528     14635
404200     14671
509668     14671
511448     14725
385860     14740
404880     14740
487648     14740
490608     14740
412020     14752
468880     14752
439840     14791
478320     14791
505528     14791
488948     14833
493488     14833
403840     14836
405300     14836
431400     14836
461500     14836
472120     14836
494108     14836
439020     14863
447080     14869
467640     14869
500308     14869
500768     14869
501108     14869
509568     14869
463140     14887
474380     14887
402920     14923
465760     14923
483028     14923
511428     14923
384580     14968
483288     14992
420180     15010
464600     15010
491508     15010
373660     15025
512908     15025
374120     15031
374840     15031
382520     15052
437160     15052
438120     15052
480928     15064
481648     15064
517948     15064
414560     15091
464240     15106
470860     15127
476660     15127
389740     15136
449980     15136
483748     15136
405140     15172
406360     15172
406840     15172
428520     15172
437100     15193
387760     15202
427500     15223
374380     15346
391640     15346
371840     15373
386080     15373
431540     15373
439860     15373
461180     15373
403940     15403
434040     15403
449780     15403
456760     15403
463320     15403
464520     15403
494848     15403
396700     15427
403120     15427
464580     15427
486768     15427
495148     15427
372920     15466
401820     15466
486188     15466
403200     15478
484808     15490
495128     15490
504928     15490
506008     15490
508468     15490
511248     15520
438900     15547
393520     15574
458780     15574
510248     15574
383580     15577
385500     15577
402820     15577
377560     15586
378500     15586
429900     15586
431400     15586
469240     15586
470700     15586
407040     15613
443920     15613
395020     15619
400060     15619
478740     15631
482908     15631
485208     15631
488388     15631
393780     15667
424920     15667
434940     15667
459940     15673
470300     15673
503788     15697
516408     15697
490048     15709
374480     15730
382220     15730
465900     15730
497428     15730
395560     15748
460980     15748
491968     15748
514668     15748
376000     15769
376540     15769
406820     15769
421920     15769
428320     15769
420060     15811
432380     15811
464240     15811
418400     15829
447720     15829
473660     15829
384240     15838
407700     15838
435340     15838
421840     15892
431400     15892
436240     15892
491548     15892
494828     15892
502448     15892
387240     15925
415180     15925
447040     15925
486928     15925
487748     15925
491708     15925
514608     15925
381460     15940
380680     15958
401220     15958
403020     15958
498168     15958
386620     15988
433840     16045
465300     16045
388380     16069
481748     16069
483708     16069
492748     16069
502468     16069
383980     16111
455820     16114
517728     16114
373880     16144
443380     16144
400220     16165
373320     16192
375280     16192
413000     16192
446440     16249
408540     16279
456960     16279
375400     16291
488788     16306
492608     16306
507108     16306
375360     16315
384760     16315
377160     16330
384680     16330
469280     16378
484368     16378
381880     16402
387100     16402
494108     16402
398280     16408
418680     16408
519868     16408
442960     16450
472160     16450
471700     16507
483868     16507
487888     16507
515468     16507
424220     16546
483848     16546
430920     16561
500488     16603
485928     16618
495568     16618
506348     16618
379460     16651
380380     16651
385780     16651
412120     16651
474020     16651
518408     16651
453240     16750
469780     16750
374920     16777
395240     16777
398360     16807
432840     16807
483928     16810
506748     16810
515108     16810
507868     16822
371340     16855
371960     16855
431020     16858
459640     16858
389260     16864
444540     16864
451400     16864
461580     16864
498228     16864
417200     16879
439140     16879
373200     16897
376040     16897
394340     16897
418960     16897
439120     16897
459160     16897
486028     16897
387640     16930
391340     16948
389240     16975
380700     16987
383040     16987
443940     16987
473360     16987
511588     16987
440760     17065
447980     17065
473600     17065
491528     17065
495028     17065
518808     17065
444500     17098
463720     17098
465660     17098
495048     17098
392860     17107
402200     17107
375280     17167
405140     17167
398360     17176
377640     17182
449300     17182
449700     17209
375240     17212
447520     17212
441820     17218
377800     17236
421600     17236
495248     17236
509728     17272
385480     17305
417880     17305
460540     17323
395920     17422
422920     17476
504108     17476
472180     17512
477500     17512
414780     17578
427640     17578
428600     17578
453740     17578
373480     17599
462780     17599
464880     17599
493988     17599
496548     17599
502868     17599
504868     17599
517648     17599
519428     17599
389040     17638
406980     17638
434760     17638
465360     17638
387080     17656
427340     17656
485988     17656
506568     17656
404560     17659
416560     17659
448820     17659
489268     17659
384020     17677
392740     17677
441260     17677
455940     17677
485888     17677
394520     17710
426860     17710
463440     17710
472760     17710
501908     17710
493268     17737
495268     17737
381920     17779
456500     17779
508548     17779
394800     17782
371780     17851
463720     17893
467800     17893
394140     17899
489888     17899
495868     17899
510448     17899
457140     17908
434860     17947
453020     17947
405760     18007
416360     18007
446840     18007
508688     18058
393320     18091
397480     18091
454700     18091
514208     18091
414880     18163
451420     18163
484028     18163
383800     18211
385560     18211
513028     18211
471080     18316
496588     18316
498628     18316
407860     18334
433980     18403
436200     18403
410800     18457
434340     18457
505788     18457
385340     18463
416400     18463
435280     18463
456840     18463
474840     18463
488128     18463
383860     18475
406780     18475
468140     18493
495688     18493
512788     18493
493368     18511
380500     18517
391200     18517
456440     18517
385480     18535
416160     18535
399980     18574
415800     18574
437520     18574
450120     18574
512288     18574
392600     18658
381960     18664
394840     18664
405940     18664
438680     18664
487088     18667
473340     18700
498868     18700
503788     18700
476620     18727
376980     18823
386080     18823
371860     18832
377120     18832
430000     18832
464200     18832
473800     18832
461540     18841
461220     18889
475020     18889
483968     18889
418040     18925
403520     18958
438560     18970
464860     18970
507088     19009
515428     19009
373460     19048
390800     19054
473260     19054
427800     19057
486508     19057
488048     19057
506768     19057
444700     19066
449080     19066
412920     19084
479180     19084
432820     19117
436080     19117
476500     19117
484468     19117
514228     19117
396280     19123
472000     19123
396880     19126
419700     19126
421880     19126
440340     19126
446200     19126
446540     19126
466980     19126
473020     19126
391080     19129
473260     19174
474900     19174
467760     19189
395040     19195
443540     19195
448360     19195
474920     19195
517148     19225
477040     19240
382860     19249
480808     19249
510948     19249
444220     19267
453900     19267
461960     19267
497708     19267
505328     19306
405280     19312
513488     19342
404360     19363
456360     19363
488208     19363
382440     19372
430300     19372
465160     19372
512128     19372
497548     19393
400960     19432
483568     19456
497428     19456
512328     19456
390600     19468
437040     19468
447440     19468
381360     19471
388360     19471
484008     19486
506728     19486
436300     19510
476040     19510
374340     19513
399840     19519
484088     19519
483708     19525
508588     19525
481808     19579
381580     19624
382860     19633
394420     19633
407760     19633
429980     19633
510888     19633
518288     19633
477800     19657
487688     19657
373180     19702
402020     19702
412460     19702
428320     19702
514848     19702
404200     19765
450460     19765
464260     19765
375160     19774
435440     19774
414420     19804
424400     19804
453580     19804
468340     19804
505868     19831
398520     19849
486248     19849
496548     19849
514608     19849
415320     19897
399520     19900
506688     19900
489728     19906
492468     19906
518888     19906
371840     20029
385060     20029
399300     20029
459220     20029
480808     20029
371100     20080
381500     20080
460520     20080
484388     20080
385560     20107
375100     20110
404220     20110
517708     20110
371680     20203
441960     20242
495228     20242
413920     20251
440820     20251
469600     20302
412300     20419
433680     20419
437260     20434
467640     20434
503008     20434
381400     20473
446280     20473
485748     20473
487648     20473
514408     20473
426460     20521
406300     20551
449560     20551
389100     20584
506448     20584
415220     20602
433480     20608
508688     20620
395400     20644
465160     20644
422680     20653
459500     20653
492648     20653
384640     20656
407740     20656
409000     20656
433600     20656
382640     20677
416660     20677
514248     20677
426440     20716
463880     20731
487328     20731
390080     20743
485488     20743
413740     20749
435000     20749
474460     20749
494468     20749
511968     20749
495968     20776
506228     20830
396140     20842
406780     20842
434560     20842
460860     20842
412100     20875
420700     20875
435540     20875
449020     20875
467940     20875
484188     20875
422360     20956
452760     20956
480868     20956
495688     20956
455220     20986
401120     20995
445520     21049
487348     21049
504768     21049
447200     21133
425440     21163
501008     21208
371360     21211
372280     21211
375400     21211
402040     21211
460020     21211
371140     21220
444480     21223
447840     21226
459520     21226
512608     21226
504388     21265
495408     21325
374640     21358
464480     21388
466440     21388
464480     21409
475840     21409
487528     21409
506148     21409
444280     21427
435540     21499
469100     21499
489988     21499
467620     21532
412400     21538
443500     21562
454020     21562
458260     21562
481448     21562
495068     21562
503888     21562
405620     21586
372440     21592
386240     21592
405440     21592
435760     21592
461240     21592
478420     21679
407640     21694
502888     21694
372120     21703
371220     21718
384380     21718
465160     21718
379520     21721
457860     21721
461920     21721
469360     21721
403600     21808
482808     21808
400660     21826
469360     21826
482968     21826
512448     21826
392220     21859
374440     21940
492588     21940
429740     21955
461060     21955
462700     21955
463440     21955
497608     21955
408940     21967
478380     22012
415620     22075
449840     22075
495168     22075
382700     22093
409900     22093
477900     22093
491808     22093
391380     22099
459500     22099
432940     22126
473520     22126
475080     22147
466480     22174
482868     22174
505788     22186
394340     22195
473120     22195
376940     22204
390860     22204
425160     22204
443300     22204
467300     22204
493248     22204
489148     22276
415460     22342
431260     22342
473600     22342
428640     22357
415880     22447
448120     22447
450680     22447
459740     22447
481008     22447
404680     22501
384900     22525
484768     22525
392740     22552
466920     22594
391360     22597
393800     22609
462080     22609
372040     22615
422040     22621
488428     22621
512888     22621
424080     22645
449020     22645
509008     22720
389100     22735
425160     22735
464620     22735
422260     22738
506948     22738
516608     22738
384480     22768
371180     22831
374920     22831
393260     22831
412440     22831
414620     22831
429680     22831
481668     22831
415540     22834
512048     22834
519308     22834
395420     22843
375580     22918
490408     22918
503848     22918
403400     22951
423940     22966
491828     22972
508908     23005
493768     23038
382940     23056
442960     23059
459480     23059
477640     23059
502328     23065
398020     23074
445940     23074
401120     23080
460100     23080
390540     23140
496508     23140
374260     23152
412700     23152
426840     23152
392480     23188
387120     23206
504068     23206
382380     23215
502108     23215
438200     23221
387200     23263
418160     23263
431360     23263
377180     23287
454160     23362
487848     23362
489868     23362
401680     23365
371160     23407
372880     23407
382940     23407
402920     23407
485808     23410
491048     23410
499888     23410
507828     23410
372920     23419
378240     23455
516308     23638
514568     23650
510908     23674
515948     23674
486768     23677
383220     23683
408200     23683
416920     23683
424340     23683
503168     23692
505828     23692
408720     23701
493368     23701
381460     23749
431060     23749
456560     23749
422360     23797
480788     23797
420480     23878
439800     23878
444460     23878
452380     23878
455020     23878
487668     23878
502968     23878
486908     23890
378460     23905
447580     23905
462540     23905
463540     23905
466400     23905
466680     23905
470260     23905
471160     23905
473420     23905
479460     23905
485268     23905
443800     23917
371680     23926
499928     23929
459840     23941
501268     23941
384400     23965
436080     23965
372660     23974
425520     23974
429420     23974
444760     23974
449600     23974
452360     23974
454500     23974
462380     23974
504688     23974
413760     23992
370700     24100
456700     24100
482548     24115
373340     24205
386120     24205
469580     24205
488468     24205
400760     24223
417940     24223
446020     24223
455680     24223
466160     24223
476340     24235
505488     24235
514588     24235
518368     24235
516748     24358
481028     24367
484428     24367
421940     24376
436980     24382
469500     24382
493168     24457
494348     24457
515288     24457
438020     24460
385420     24466
517408     24466
507308     24472
384100     24487
374160     24532
373500     24538
423800     24538
426460     24538
434520     24538
471940     24538
483128     24538
385960     24541
418000     24541
432540     24541
512048     24541
518828     24541
433960     24565
494268     24565
387520     24589
409560     24589
469320     24589
479520     24589
492388     24592
493208     24592
493808     24592
384320     24661
412520     24661
480708     24661
391880     24670
390340     24685
393880     24685
445600     24685
486608     24685
396360     24709
445380     24709
484268     24709
500368     24709
502628     24712
511508     24712
517588     24712
