      0.250.0001820780.000178540.000185992
       0.50.000718820.0007096750.000737969
      0.750.001589130.00157823 0.0016401
         10.002767530.002763410.00287311
      1.250.004229490.004242080.00441119
       1.50.005946920.005986120.00623093
      1.750.007898650.007963730.00831228
         2 0.0100609 0.0101438 0.0106247
      2.25  0.012411 0.0125007 0.0131462
       2.5 0.0149231 0.0150054 0.0158552
      2.75 0.0175647 0.0176327 0.0187393
         3 0.0203037 0.0203542 0.0217755
      3.25 0.0231134 0.0231523 0.0249435
       3.5 0.0259754 0.0260034  0.028223
      3.75 0.0288733 0.0289086 0.0315879
         4 0.0318083 0.0318576 0.0350196
      4.25  0.034783 0.0348358 0.0384992
       4.5 0.0377891 0.0378392 0.0420016
      4.75 0.0408214 0.0408582 0.0455114
         5 0.0438813 0.0438889 0.0490136
      5.25 0.0469595 0.0469249  0.052502
       5.5 0.0500527 0.0499548 0.0559553
      5.75 0.0531483 0.0529797 0.0593796
         6 0.0562342 0.0560074 0.0627539
      6.25 0.0593109 0.0590521 0.0660915
       6.5 0.0623835 0.0621298 0.0693821
      6.75 0.0654447 0.0652425 0.0726206
         7 0.0685111  0.068387 0.0758066
      7.25 0.0715931 0.0715545  0.078939
       7.5 0.0746865 0.0747183 0.0820042
      7.75 0.0777735 0.0778576  0.084999
         8 0.0808644 0.0809813 0.0879324
      8.25 0.0839832 0.0841118 0.0908233
       8.5 0.0871098  0.087265 0.0936685
      8.75 0.0902325 0.0904406 0.0964683
         9 0.0933538 0.0936248 0.0992127
      9.25 0.0964792 0.0968323  0.101888
       9.5 0.0996051  0.100051  0.104486
      9.75   0.10274  0.103273  0.107015
        10  0.105891  0.106485  0.109475
     10.25  0.109054  0.109698  0.111877
      10.5  0.112227  0.112914  0.114213
     10.75  0.115397  0.116131  0.116491
        11  0.118545   0.11934  0.118696
     11.25  0.121668   0.12254  0.120826
      11.5  0.124781  0.125726   0.12286
     11.75   0.12789  0.128901  0.124795
        12  0.131002  0.132047  0.126643
     12.25  0.134122  0.135186   0.12841
      12.5  0.137254  0.138333  0.130119
     12.75  0.140384  0.141496  0.131798
        13  0.143522  0.144667  0.133436
     13.25  0.146653  0.147846  0.135009
      13.5  0.149758  0.151019  0.136531
     13.75  0.152837  0.154173  0.137971
        14  0.155904  0.157287  0.139342
     14.25   0.15898  0.160343  0.140622
      14.5  0.162074  0.163362  0.141827
     14.75   0.16516  0.166357  0.142944
        15  0.168211  0.169332  0.143988
     15.25   0.17119  0.172279  0.144973
      15.5  0.174122  0.175204  0.145891
     15.75   0.17701  0.178065  0.146739
        16   0.17985  0.180864  0.147521
     16.25  0.182664  0.183621  0.148229
      16.5  0.185456  0.186338  0.148882
     16.75  0.188225  0.189008  0.149492
        17  0.190979  0.191633  0.150073
     17.25  0.193687  0.194232  0.150601
      17.5  0.196383  0.196783  0.151076
     17.75  0.199053  0.199299  0.151504
        18  0.201679  0.201778  0.151876
     18.25  0.204273  0.204218  0.152188
      18.5   0.20682  0.206621   0.15245
     18.75   0.20932  0.209002  0.152647
        19  0.211768  0.211369  0.152811
     19.25  0.214169  0.213718  0.152957
      19.5  0.216511  0.216059  0.153087
     19.75   0.21882  0.218402  0.153186
        20  0.221119  0.220769  0.153246
     20.25  0.223413  0.223135  0.153284
      20.5   0.22573   0.22549  0.153326
     20.75  0.228075  0.227817  0.153348
        21  0.230458   0.23008  0.153349
     21.25  0.232855  0.232284  0.153335
      21.5  0.235253  0.234447  0.153293
     21.75  0.237681  0.236581  0.153215
        22  0.240143  0.238675  0.153112
     22.25   0.24263  0.240742  0.152981
      22.5  0.245109  0.242789  0.152843
     22.75  0.247577  0.244801    0.1527
        23  0.250037  0.246774  0.152548
     23.25  0.252481  0.248685  0.152389
      23.5    0.2549  0.250554  0.152215
     23.75  0.257342  0.252403  0.152034
        24  0.259772  0.254232  0.151852
     24.25  0.262195  0.256071  0.151687
      24.5  0.264583  0.257903  0.151538
     24.75  0.266943  0.259702  0.151414
        25  0.269268  0.261462  0.151286
     25.25  0.271545  0.263204  0.151135
      25.5  0.273791  0.264945  0.150952
     25.75  0.276018  0.266709  0.150743
        26  0.278186  0.268462  0.150512
     26.25   0.28029  0.270192   0.15028
      26.5  0.282333  0.271917  0.150062
     26.75  0.284344   0.27363  0.149876
        27  0.286305   0.27535  0.149704
     27.25  0.288215  0.277079  0.149546
      27.5  0.290118  0.278802  0.149378
     27.75  0.291988  0.280525  0.149224
        28  0.293816  0.282248  0.149082
     28.25  0.295631   0.28397  0.148978
      28.5  0.297451  0.285708  0.148891
     28.75  0.299277  0.287476  0.148786
        29  0.301153  0.289239  0.148683
     29.25  0.303032  0.290997  0.148569
      29.5  0.304934   0.29276  0.148468
     29.75  0.306861  0.294538  0.148394
        30  0.308804  0.296304  0.148347
     30.25  0.310792  0.298044  0.148334
      30.5  0.312801  0.299744  0.148352
     30.75  0.314821  0.301399    0.1484
        31  0.316826  0.302995  0.148474
     31.25  0.318805  0.304563  0.148559
      31.5  0.320767  0.306136  0.148666
     31.75  0.322708  0.307734  0.148817
        32  0.324628  0.309342  0.149007
     32.25  0.326561  0.310964  0.149256
      32.5  0.328521  0.312607  0.149565
     32.75  0.330499  0.314259  0.149912
        33  0.332451  0.315928  0.150298
     33.25  0.334378  0.317612  0.150715
      33.5  0.336267  0.319291  0.151164
     33.75  0.338124  0.320971  0.151603
        34  0.339961  0.322685  0.152035
     34.25  0.341797  0.324438  0.152468
      34.5  0.343626   0.32624  0.152916
     34.75  0.345458  0.328059  0.153374
        35  0.347291  0.329884  0.153847
     35.25  0.349148  0.331691  0.154348
      35.5  0.351053  0.333494  0.154876
     35.75  0.352978  0.335292  0.155417
        36  0.354912  0.337121  0.155968
     36.25  0.356855  0.338966  0.156519
      36.5  0.358804   0.34084  0.157074
     36.75  0.360743   0.34273  0.157638
        37  0.362692  0.344639  0.158227
     37.25  0.364657  0.346552  0.158824
      37.5  0.366628  0.348416  0.159432
     37.75  0.368606   0.35022  0.160054
        38  0.370611  0.351985  0.160653
     38.25  0.372604  0.353728  0.161225
      38.5  0.374567  0.355491  0.161782
     38.75  0.376514  0.357266  0.162337
        39  0.378455  0.359043   0.16291
     39.25  0.380387  0.360817  0.163509
      39.5  0.382332  0.362591  0.164115
     39.75  0.384261  0.364368  0.164738
        40  0.386153   0.36613  0.165386
     40.25  0.387996  0.367846  0.166055
      40.5  0.389787  0.369565  0.166735
     40.75  0.391545  0.371306  0.167427
        41  0.393327  0.373031  0.168121
     41.25  0.395108  0.374759  0.168828
      41.5  0.396894  0.376487  0.169554
     41.75  0.398661  0.378237  0.170268
        42  0.400464  0.380009  0.170968
     42.25  0.402304  0.381807   0.17167
      42.5  0.404169  0.383654  0.172369
     42.75  0.406033  0.385535  0.173059
        43   0.40793  0.387442  0.173735
     43.25  0.409798  0.389347  0.174386
      43.5  0.411648  0.391259  0.175013
     43.75  0.413538  0.393166    0.1756
        44  0.415467  0.395057  0.176145
     44.25  0.417397  0.396936  0.176675
      44.5  0.419317  0.398786  0.177194
     44.75  0.421271   0.40062  0.177701
        45  0.423251  0.402406  0.178211
     45.25  0.425276   0.40414  0.178701
      45.5  0.427334  0.405815  0.179158
     45.75  0.429397   0.40743  0.179577
        46   0.43144  0.409018  0.179957
     46.25  0.433466  0.410603  0.180298
      46.5  0.435486  0.412176  0.180604
     46.75  0.437485  0.413776  0.180862
        47  0.439432  0.415414  0.181082
     47.25  0.441334  0.417056   0.18126
      47.5  0.443164  0.418714  0.181413
     47.75  0.444939  0.420383  0.181557
        48  0.446683  0.422063    0.1817
     48.25  0.448396  0.423779  0.181841
      48.5  0.450103  0.425505  0.181977
     48.75  0.451838  0.427249  0.182111
        49  0.453609   0.42901  0.182262
     49.25  0.455383   0.43079  0.182435
      49.5  0.457147  0.432584  0.182635
     49.75  0.458931  0.434344  0.182856
        50  0.460744  0.436065  0.183085
     50.25  0.462558  0.437767  0.183317
      50.5  0.464389  0.439414  0.183544
     50.75  0.466268   0.44101   0.18374
        51  0.468182  0.442603  0.183891
     51.25  0.470061  0.444161  0.184019
      51.5  0.471896  0.445688  0.184152
     51.75  0.473701  0.447227    0.1843
        52  0.475473  0.448828  0.184494
     52.25  0.477211  0.450475  0.184725
      52.5  0.478966  0.452192  0.184997
     52.75  0.480747  0.453973   0.18529
        53  0.482556  0.455813  0.185568
     53.25  0.484403  0.457693  0.185832
      53.5  0.486303  0.459549  0.186097
     53.75  0.488229  0.461373  0.186365
        54  0.490204  0.463136  0.186629
     54.25  0.492196   0.46485   0.18687
      54.5  0.494156  0.466528  0.187114
     54.75   0.49607  0.468184  0.187362
        55  0.497947  0.469837  0.187634
     55.25  0.499764  0.471509   0.18793
      55.5   0.50153  0.473187  0.188254
     55.75   0.50328  0.474885  0.188563
        56   0.50507  0.476601  0.188877
     56.25  0.506871  0.478329   0.18921
      56.5  0.508723  0.480089  0.189594
     56.75  0.510608  0.481904  0.189997
        57  0.512471  0.483706  0.190414
     57.25  0.514335  0.485493  0.190843
      57.5  0.516203  0.487273  0.191254
     57.75  0.518069  0.489056  0.191664
        58   0.51991  0.490836  0.192075
     58.25  0.521683  0.492612  0.192474
      58.5  0.523433  0.494419  0.192847
     58.75  0.525169   0.49622  0.193198
        59  0.526933  0.497974  0.193545
     59.25  0.528717    0.4997  0.193896
      59.5   0.53052  0.501388  0.194221
     59.75  0.532306  0.503071  0.194507
        60  0.534073  0.504738  0.194774
     60.25  0.535859  0.506405  0.195032
      60.5  0.537679  0.508051  0.195293
     60.75  0.539513  0.509685  0.195568
        61  0.541368  0.511292  0.195857
     61.25  0.543257  0.512907  0.196146
      61.5  0.545151  0.514522  0.196433
     61.75  0.547051  0.516114  0.196707
        62  0.548917  0.517671  0.196951
     62.25  0.550701  0.519225  0.197156
      62.5   0.55242  0.520754  0.197335
     62.75  0.554054   0.52227  0.197481
        63  0.555649  0.523807  0.197607
     63.25  0.557239  0.525354  0.197716
      63.5  0.558853  0.526937  0.197823
     63.75  0.560502  0.528552  0.197919
        64  0.562193  0.530142  0.198013
     64.25  0.563929  0.531721  0.198113
      64.5  0.565689   0.53331  0.198211
     64.75  0.567438  0.534888  0.198302
        65  0.569174  0.536459  0.198381
     65.25  0.570903  0.538031  0.198447
      65.5  0.572611  0.539589  0.198511
     65.75  0.574275  0.541137  0.198565
        66  0.575977  0.542671  0.198618
     66.25   0.57774  0.544172  0.198679
      66.5  0.579522  0.545666  0.198783
     66.75   0.58133  0.547173  0.198944
        67  0.583171  0.548695  0.199122
     67.25  0.585081  0.550185  0.199319
      67.5  0.586942  0.551647  0.199544
     67.75  0.588737  0.553079  0.199809
        68  0.590485  0.554491  0.200099
     68.25  0.592207  0.555884  0.200407
      68.5   0.59394  0.557233  0.200718
     68.75  0.595712  0.558519   0.20103
        69  0.597507  0.559783  0.201335
     69.25  0.599317  0.561006  0.201632
      69.5  0.601101  0.562193  0.201929
     69.75  0.602874  0.563398  0.202228
        70  0.604636  0.564614  0.202516
     70.25  0.606359  0.565862   0.20278
      70.5  0.608064  0.567121  0.203033
     70.75  0.609773  0.568374  0.203273
        71  0.611463  0.569609  0.203524
     71.25  0.613113  0.570845  0.203784
      71.5  0.614709  0.572079  0.204063
     71.75  0.616239  0.573337   0.20436
        72  0.617726  0.574643  0.204674
     72.25  0.619177  0.576011  0.204996
      72.5  0.620579  0.577408  0.205307
     72.75  0.621973  0.578828   0.20562
        73  0.623373   0.58024  0.205922
     73.25  0.624805   0.58163  0.206226
      73.5  0.626272  0.582989  0.206514
     73.75  0.627757  0.584316  0.206775
        74  0.629226  0.585658  0.207005
     74.25  0.630645  0.587014   0.20718
      74.5  0.632014  0.588378  0.207302
     74.75  0.633353  0.589737   0.20737
        75  0.634643  0.591087  0.207393
     75.25  0.635948  0.592425  0.207409
      75.5  0.637234  0.593716  0.207436
     75.75   0.63857  0.594973  0.207479
        76  0.639966  0.596168  0.207533
     76.25  0.641421  0.597294  0.207588
      76.5  0.642901  0.598364  0.207641
     76.75  0.644431  0.599375  0.207684
        77  0.646024  0.600328  0.207709
     77.25  0.647682  0.601233  0.207738
      77.5  0.649384  0.602076  0.207761
     77.75  0.651117  0.602934  0.207792
        78  0.652856  0.603825  0.207843
     78.25   0.65461  0.604782  0.207919
      78.5  0.656372  0.605865  0.207971
     78.75  0.658145  0.607072   0.20799
        79  0.659941   0.60832  0.207944
     79.25  0.661729  0.609627  0.207841
      79.5  0.663469   0.61093  0.207689
     79.75  0.665208  0.612194  0.207519
        80   0.66692  0.613441  0.207365
     80.25  0.668584  0.614671   0.20727
      80.5  0.670209  0.615855  0.207245
     80.75   0.67181  0.617035  0.207292
        81   0.67336  0.618225  0.207406
     81.25  0.674842  0.619431  0.207577
      81.5  0.676297  0.620617   0.20778
     81.75  0.677756  0.621818  0.207995
        82  0.679243   0.62303  0.208225
     82.25  0.680744  0.624215  0.208465
      82.5  0.682226  0.625377  0.208761
     82.75  0.683649  0.626559  0.209136
        83  0.685018  0.627818  0.209609
     83.25  0.686371  0.629136  0.210153
      83.5  0.687756  0.630495  0.210732
     83.75  0.689194  0.631861  0.211335
        84   0.69062  0.633223  0.211916
     84.25  0.692045  0.634558  0.212483
      84.5  0.693474  0.635891  0.213001
     84.75  0.694893  0.637271  0.213497
        85   0.69631  0.638666  0.213981
     85.25  0.697756  0.640024  0.214473
      85.5  0.699216  0.641381  0.214984
     85.75  0.700697   0.64277  0.215535
        86  0.702199  0.644147  0.216113
     86.25  0.703741  0.645537  0.216714
      86.5  0.705302  0.646964  0.217325
     86.75  0.706909  0.648407  0.217932
        87  0.708505  0.649857  0.218508
     87.25   0.71007  0.651281  0.219043
      87.5  0.711566  0.652659   0.21953
     87.75  0.712964  0.654022  0.219957
        88  0.714316  0.655342  0.220332
     88.25  0.715646  0.656615  0.220671
      88.5  0.716932   0.65789  0.220971
     88.75  0.718153  0.659206  0.221241
        89  0.719359  0.660548  0.221529
     89.25  0.720541  0.661905  0.221841
      89.5  0.721689  0.663275  0.222156
     89.75  0.722801  0.664642  0.222471
        90  0.723934  0.665985  0.222772
     90.25  0.725063  0.667327  0.223038
      90.5  0.726197  0.668654  0.223272
     90.75   0.72731  0.669971  0.223466
        91  0.728322    0.6713  0.223627
     91.25  0.729267  0.672635  0.223765
      91.5  0.730193  0.673978  0.223876
     91.75  0.731176  0.675331  0.223971
        92  0.732276  0.676695  0.224076
     92.25  0.733515  0.678047  0.224208
      92.5  0.734818  0.679369  0.224395
     92.75  0.736163  0.680663  0.224602
        93  0.737541  0.681987  0.224813
     93.25  0.738924   0.68333  0.225033
      93.5  0.740272  0.684664  0.225235
     93.75  0.741583  0.686016   0.22541
        94  0.742893  0.687386  0.225567
     94.25  0.744205  0.688798  0.225727
      94.5  0.745512  0.690225  0.225912
     94.75  0.746777  0.691654  0.226111
        95  0.747989  0.693143  0.226297
     95.25  0.749179  0.694645  0.226456
      95.5  0.750328  0.696188  0.226577
     95.75  0.751452  0.697765   0.22666
        96  0.752531  0.699306  0.226701
     96.25    0.7536  0.700809  0.226713
      96.5  0.754683  0.702294  0.226683
     96.75  0.755759  0.703747  0.226639
        97  0.756888  0.705142  0.226604
     97.25  0.758095   0.70649  0.226577
      97.5  0.759368  0.707814   0.22657
     97.75  0.760704   0.70911  0.226554
        98  0.762082  0.710366  0.226526
     98.25  0.763534  0.711589  0.226486
      98.5   0.76508  0.712796  0.226438
     98.75  0.766683   0.71395  0.226404
        99  0.768376  0.715102  0.226402
     99.25  0.770122  0.716242  0.226437
      99.5  0.771906  0.717415  0.226496
     99.75  0.773697  0.718606  0.226551
       100  0.775518  0.719811  0.226594
    100.25  0.777357  0.721041  0.226626
     100.5  0.779207  0.722286  0.226661
    100.75   0.78103  0.723564  0.226709
       101  0.782853   0.72491  0.226764
    101.25   0.78471  0.726319  0.226822
     101.5  0.786586  0.727757  0.226869
    101.75  0.788431  0.729171  0.226919
       102   0.79023  0.730606  0.226992
    102.25  0.791936  0.732036  0.227069
     102.5    0.7935  0.733417  0.227136
    102.75  0.794939  0.734725  0.227173
       103  0.796291  0.736031  0.227192
    103.25  0.797536  0.737365    0.2272
     103.5  0.798702  0.738696  0.227205
    103.75  0.799776  0.740038    0.2272
       104  0.800817  0.741384  0.227226
    104.25  0.801841  0.742764  0.227302
     104.5   0.80291  0.744179  0.227428
    104.75  0.804057  0.745547  0.227614
       105  0.805237  0.746867  0.227847
    105.25  0.806473  0.748135  0.228128
     105.5  0.807754  0.749365  0.228453
    105.75  0.809029  0.750514  0.228798
       106  0.810257  0.751627   0.22915
    106.25  0.811451  0.752737    0.2295
     106.5  0.812636  0.753845  0.229859
    106.75  0.813823  0.754944  0.230201
       107  0.815029  0.756112  0.230554
    107.25   0.81622  0.757351  0.230934
     107.5  0.817403  0.758594  0.231342
    107.75  0.818557  0.759867  0.231784
       108  0.819649  0.761174  0.232245
    108.25  0.820677  0.762519  0.232693
     108.5  0.821673  0.763913  0.233122
    108.75  0.822661  0.765388  0.233508
       109  0.823634  0.766923  0.233857
    109.25   0.82464  0.768483  0.234169
     109.5   0.82573  0.770065  0.234458
    109.75  0.826904  0.771644  0.234727
       110  0.828098  0.773167  0.234976
    110.25  0.829334  0.774612  0.235194
     110.5  0.830574  0.776023  0.235382
    110.75  0.831846  0.777432  0.235561
       111  0.833167  0.778844  0.235728
    111.25  0.834524  0.780282    0.2359
     111.5  0.835893  0.781758  0.236081
    111.75  0.837275  0.783252  0.236255
       112  0.838641  0.784771   0.23641
    112.25   0.84004  0.786331  0.236556
     112.5  0.841455  0.787925  0.236688
    112.75  0.842888  0.789564  0.236812
       113  0.844349  0.791233  0.236887
    113.25    0.8458  0.792889  0.236962
     113.5  0.847231  0.794484  0.237044
    113.75  0.848611  0.796001  0.237103
       114  0.849929  0.797441   0.23715
    114.25  0.851165  0.798835  0.237197
     114.5  0.852337  0.800234   0.23726
    114.75  0.853438  0.801628  0.237356
       115  0.854424  0.803028  0.237514
    115.25  0.855302  0.804428  0.237729
     115.5  0.856096  0.805835  0.237973
    115.75  0.856807  0.807267  0.238226
       116  0.857507  0.808761  0.238466
    116.25  0.858242  0.810281  0.238706
     116.5  0.859006   0.81182  0.238953
    116.75  0.859774  0.813363  0.239212
       117  0.860601  0.814899  0.239501
    117.25  0.861465  0.816425  0.239813
     117.5  0.862345  0.817955  0.240149
    117.75  0.863175  0.819499  0.240473
       118  0.864012   0.82103  0.240762
    118.25   0.86484   0.82255   0.24101
     118.5  0.865767  0.824049  0.241217
    118.75  0.866815  0.825541  0.241399
       119  0.867964  0.826987  0.241578
    119.25  0.869182   0.82839  0.241765
     119.5  0.870445  0.829747  0.241944
    119.75   0.87172  0.831068  0.242098
       120  0.873007   0.83238  0.242238
    120.25  0.874275  0.833731  0.242376
     120.5  0.875515  0.835057  0.242509
    120.75  0.876748  0.836404  0.242621
       121  0.877958  0.837779  0.242713
    121.25  0.879209  0.839185  0.242811
     121.5  0.880439  0.840625  0.242893
    121.75  0.881678  0.842031  0.242959
       122  0.882977  0.843402     0.243
    122.25  0.884281  0.844698  0.242996
     122.5  0.885601  0.845927  0.242964
    122.75  0.886887   0.84719  0.242936
       123  0.888134  0.848492   0.24293
    123.25  0.889295  0.849837  0.242952
     123.5  0.890393  0.851248  0.243022
    123.75  0.891456  0.852702  0.243133
       124  0.892483  0.854169  0.243319
    124.25  0.893497  0.855646  0.243557
     124.5  0.894504  0.857134  0.243852
    124.75  0.895471  0.858625  0.244159
       125  0.896428  0.860067  0.244479
    125.25  0.897401  0.861471  0.244821
     125.5  0.898408  0.862896  0.245166
    125.75  0.899419  0.864329  0.245497
       126  0.900421   0.86574    0.2458
    126.25  0.901366  0.867066  0.246082
     126.5  0.902252  0.868286  0.246361
    126.75  0.903138   0.86949  0.246622
       127  0.904045  0.870664  0.246882
    127.25  0.904981  0.871804  0.247142
     127.5  0.905945  0.872935  0.247353
    127.75  0.906928  0.874042  0.247549
       128  0.907904  0.875167  0.247753
    128.25  0.908911  0.876343  0.247964
     128.5  0.909948  0.877604  0.248175
    128.75  0.910982  0.878903  0.248368
       129  0.912017  0.880243  0.248543
    129.25  0.913014  0.881536   0.24868
     129.5  0.913955  0.882847  0.248803
    129.75  0.914862  0.884181  0.248941
       130   0.91578  0.885529  0.249076
    130.25  0.916671  0.886927  0.249215
     130.5  0.917577  0.888328  0.249351
    130.75    0.9185  0.889715  0.249477
       131  0.919475  0.891121  0.249588
    131.25  0.920503  0.892591  0.249668
     131.5  0.921586  0.894165  0.249742
    131.75  0.922697  0.895846  0.249814
       132  0.923842  0.897637  0.249907
    132.25  0.925064  0.899495  0.250003
     132.5   0.92631  0.901412  0.250069
    132.75  0.927569  0.903448  0.250123
       133  0.928811  0.905536   0.25017
    133.25  0.930058    0.9076  0.250239
     133.5  0.931312  0.909622   0.25032
    133.75  0.932598  0.911624  0.250407
       134  0.933968  0.913561  0.250518
    134.25  0.935325  0.915417  0.250638
     134.5  0.936674  0.917189  0.250773
    134.75  0.938015  0.918927  0.250933
       135  0.939364  0.920664  0.251105
    135.25  0.940704  0.922398  0.251303
     135.5  0.942036  0.924166  0.251541
    135.75  0.943394  0.926041  0.251809
       136  0.944806  0.927965  0.252113
    136.25  0.946263  0.929958  0.252423
     136.5  0.947746  0.931953  0.252725
    136.75  0.949272  0.933906  0.253031
       137  0.950778  0.935836  0.253342
    137.25  0.952206  0.937774  0.253622
     137.5  0.953599  0.939715  0.253888
    137.75  0.955006   0.94164  0.254147
       138  0.956417  0.943557  0.254394
    138.25  0.957841  0.945466  0.254637
     138.5  0.959304   0.94737  0.254874
    138.75   0.96082  0.949236  0.255087
       139   0.96239  0.951115  0.255311
    139.25   0.96396  0.952983  0.255512
     139.5  0.965497  0.954857  0.255688
    139.75  0.967023  0.956717   0.25584
       140  0.968542  0.958529  0.255956
    140.25  0.970059  0.960275  0.256045
     140.5  0.971547   0.96199  0.256087
    140.75   0.97305  0.963612  0.256105
       141  0.974579  0.965168  0.256108
    141.25  0.976124  0.966708  0.256111
     141.5  0.977674   0.96822  0.256121
    141.75    0.9792  0.969724  0.256132
       142  0.980707  0.971233  0.256146
    142.25  0.982191  0.972779  0.256171
     142.5  0.983698  0.974382  0.256198
    142.75  0.985191  0.976027  0.256245
       143  0.986656  0.977704  0.256315
    143.25  0.988096  0.979393  0.256418
     143.5  0.989578  0.981081  0.256534
    143.75  0.991105  0.982685  0.256664
       144  0.992666  0.984239  0.256801
    144.25  0.994273  0.985757  0.256936
     144.5  0.995794   0.98726  0.257064
    144.75  0.997238  0.988773  0.257185
       145  0.998616  0.990254  0.257311
    145.25  0.999953  0.991719  0.257453
     145.5   1.00129  0.993214  0.257628
    145.75   1.00264  0.994738  0.257811
       146   1.00398  0.996296  0.258012
    146.25   1.00535  0.997802  0.258264
     146.5   1.00675  0.999237  0.258558
    146.75   1.00816   1.00064   0.25887
       147   1.00955   1.00203  0.259179
    147.25   1.01095   1.00345  0.259506
     147.5   1.01243    1.0049  0.259842
    147.75   1.01398   1.00638  0.260209
       148    1.0156   1.00785  0.260589
    148.25   1.01725   1.00928  0.261001
     148.5   1.01889   1.01067  0.261441
    148.75   1.02052   1.01203  0.261933
       149   1.02209   1.01344  0.262465
    149.25   1.02365   1.01489  0.262995
     149.5    1.0252   1.01629  0.263488
    149.75   1.02675   1.01768  0.263947
       150   1.02828   1.01905  0.264366
    150.25   1.02983   1.02041  0.264764
     150.5   1.03142   1.02177  0.265143
    150.75   1.03303   1.02317  0.265502
       151   1.03464   1.02457  0.265862
    151.25   1.03624   1.02597   0.26623
     151.5   1.03785   1.02739  0.266607
    151.75   1.03951   1.02883   0.26699
       152   1.04115   1.03031   0.26738
    152.25   1.04275   1.03182  0.267765
     152.5   1.04435   1.03337  0.268159
    152.75    1.0459   1.03494  0.268596
       153   1.04741   1.03654  0.269034
    153.25   1.04892   1.03809  0.269482
     153.5    1.0504   1.03965  0.269953
    153.75   1.05187   1.04121  0.270433
       154   1.05335   1.04278   0.27089
    154.25   1.05481   1.04435  0.271351
     154.5   1.05624   1.04589  0.271793
    154.75   1.05763   1.04743  0.272239
       155   1.05898   1.04894  0.272706
    155.25    1.0603   1.05042  0.273165
     155.5   1.06161   1.05184  0.273602
    155.75   1.06294   1.05325  0.273998
       156    1.0643   1.05461  0.274352
    156.25   1.06568   1.05597   0.27467
     156.5   1.06707   1.05728  0.274977
    156.75   1.06853   1.05859  0.275283
       157   1.07003   1.05988  0.275594
    157.25   1.07158   1.06112  0.275921
     157.5   1.07317   1.06231  0.276269
    157.75   1.07479   1.06338  0.276602
       158   1.07648   1.06432  0.276878
    158.25   1.07818   1.06522  0.277095
     158.5   1.07987   1.06608  0.277252
    158.75   1.08159   1.06694  0.277381
       159   1.08328   1.06778    0.2775
    159.25    1.0849   1.06862  0.277637
     159.5   1.08648   1.06946  0.277789
    159.75   1.08802   1.07036  0.277964
       160   1.08953   1.07128  0.278153
    160.25   1.09104   1.07225  0.278337
     160.5   1.09255   1.07324  0.278509
    160.75   1.09409   1.07428  0.278632
       161   1.09565    1.0753   0.27871
    161.25   1.09718   1.07638  0.278764
     161.5   1.09868   1.07754   0.27881
    161.75   1.10015   1.07875  0.278853
       162   1.10166   1.08007  0.278903
    162.25   1.10323   1.08143  0.278946
     162.5   1.10484   1.08278  0.278992
    162.75   1.10656   1.08415   0.27904
       163   1.10837    1.0855  0.279083
    163.25   1.11026   1.08685  0.279131
     163.5   1.11214   1.08822   0.27918
    163.75   1.11402   1.08962  0.279215
       164   1.11585     1.091  0.279223
    164.25   1.11762   1.09234  0.279214
     164.5   1.11935    1.0937  0.279209
    164.75   1.12107   1.09507  0.279199
       165   1.12278   1.09646  0.279172
    165.25   1.12447   1.09791  0.279162
     165.5   1.12615    1.0994   0.27916
    165.75   1.12784   1.10091  0.279179
       166   1.12955   1.10239   0.27923
    166.25   1.13123   1.10385  0.279344
     166.5   1.13288    1.1053  0.279511
    166.75   1.13453   1.10678  0.279705
       167   1.13614   1.10824  0.279885
    167.25    1.1378   1.10964  0.280046
     167.5   1.13947   1.11098  0.280183
    167.75   1.14112   1.11232  0.280305
       168   1.14276   1.11361  0.280406
    168.25   1.14438   1.11486  0.280473
     168.5   1.14603   1.11612   0.28051
    168.75   1.14769   1.11739  0.280534
       169   1.14936   1.11862  0.280557
    169.25   1.15102   1.11979  0.280595
     169.5   1.15267   1.12085  0.280662
    169.75   1.15426   1.12187  0.280774
       170   1.15577   1.12296  0.280927
    170.25   1.15725   1.12414  0.281096
     170.5   1.15871   1.12544  0.281256
    170.75    1.1601   1.12688  0.281407
       171   1.16144   1.12844  0.281554
    171.25    1.1627   1.13006  0.281686
     171.5   1.16394   1.13172  0.281821
    171.75    1.1652   1.13341  0.281967
       172   1.16648   1.13509  0.282104
    172.25   1.16781   1.13668   0.28223
     172.5   1.16925   1.13825   0.28239
    172.75   1.17074   1.13986  0.282588
       173   1.17231   1.14155    0.2828
    173.25   1.17391   1.14329  0.283041
     173.5   1.17557   1.14501  0.283301
    173.75   1.17727   1.14669  0.283578
       174   1.17906   1.14829  0.283853
    174.25   1.18091    1.1498    0.2841
     174.5   1.18278   1.15121  0.284322
    174.75   1.18469   1.15254  0.284511
       175   1.18655   1.15386  0.284653
    175.25    1.1884   1.15525   0.28475
     175.5    1.1902   1.15665  0.284848
    175.75   1.19196   1.15798  0.284964
       176   1.19373   1.15932  0.285086
    176.25   1.19551    1.1607   0.28524
     176.5   1.19731   1.16217  0.285403
    176.75   1.19909   1.16367  0.285574
       177   1.20086   1.16516  0.285732
    177.25    1.2026    1.1666  0.285876
     177.5   1.20427   1.16802   0.28602
    177.75   1.20586   1.16936  0.286154
       178   1.20742   1.17066  0.286276
    178.25   1.20897   1.17204  0.286387
     178.5   1.21054   1.17349  0.286496
    178.75   1.21219   1.17498  0.286635
       179    1.2139   1.17657  0.286773
    179.25    1.2156   1.17823  0.286925
     179.5   1.21731    1.1799  0.287062
    179.75   1.21901   1.18151  0.287178
       180   1.22056   1.18303  0.287254
    180.25   1.22194    1.1845  0.287298
     180.5   1.22321   1.18592  0.287332
    180.75   1.22434    1.1874  0.287391
       181   1.22536   1.18885  0.287481
    181.25   1.22635   1.19025  0.287606
     181.5    1.2273   1.19159  0.287751
    181.75   1.22832   1.19285  0.287922
       182    1.2294   1.19403   0.28809
    182.25   1.23052   1.19511  0.288261
     182.5   1.23165   1.19614  0.288408
    182.75   1.23277   1.19717  0.288523
       183   1.23389    1.1982  0.288624
    183.25   1.23495   1.19919  0.288712
     183.5   1.23596   1.20019  0.288797
    183.75   1.23694   1.20115  0.288918
       184   1.23791   1.20215  0.289035
    184.25   1.23881   1.20315  0.289174
     184.5   1.23966   1.20416  0.289354
    184.75   1.24049   1.20521  0.289566
       185    1.2413   1.20631  0.289803
    185.25   1.24219    1.2074  0.290062
     185.5   1.24317   1.20846  0.290333
    185.75   1.24421    1.2095  0.290616
       186    1.2453   1.21049  0.290923
    186.25   1.24638   1.21144  0.291234
     186.5   1.24741   1.21232  0.291537
    186.75   1.24838   1.21319  0.291819
       187    1.2493   1.21412  0.292081
    187.25   1.25008   1.21507  0.292314
     187.5   1.25075   1.21602  0.292523
    187.75   1.25129   1.21696  0.292697
       188   1.25178   1.21792  0.292887
    188.25   1.25223   1.21887  0.293117
     188.5   1.25271   1.21983  0.293402
    188.75    1.2532   1.22083   0.29371
       189   1.25367   1.22184  0.294068
    189.25   1.25414   1.22287  0.294456
     189.5   1.25466    1.2239  0.294863
    189.75   1.25519   1.22494  0.295279
       190   1.25576   1.22597  0.295696
    190.25   1.25633   1.22701  0.296086
     190.5   1.25685     1.228   0.29645
    190.75   1.25734   1.22898  0.296814
       191   1.25781   1.22994  0.297195
    191.25   1.25834   1.23086  0.297615
     191.5   1.25899   1.23174  0.298048
    191.75   1.25983    1.2326  0.298496
       192   1.26084   1.23349  0.298946
    192.25   1.26192   1.23434  0.299361
     192.5     1.263   1.23516  0.299733
    192.75   1.26401   1.23595  0.300081
       193   1.26494   1.23679  0.300383
    193.25   1.26577   1.23759  0.300643
     193.5   1.26656   1.23834  0.300851
    193.75   1.26738   1.23914  0.301021
       194   1.26823   1.23996  0.301188
    194.25   1.26911   1.24084  0.301359
     194.5   1.26999   1.24178  0.301529
    194.75   1.27088   1.24276   0.30168
       195   1.27181   1.24376  0.301813
    195.25   1.27279    1.2448  0.301965
     195.5    1.2738   1.24587  0.302145
    195.75   1.27478   1.24695   0.30235
       196    1.2758   1.24802  0.302587
    196.25   1.27681   1.24904   0.30283
     196.5    1.2778   1.25005  0.303077
    196.75   1.27877   1.25103  0.303314
       197   1.27971   1.25201  0.303542
    197.25    1.2806     1.253  0.303747
     197.5   1.28146   1.25401  0.303947
    197.75   1.28227   1.25501  0.304168
       198   1.28308   1.25596  0.304409
    198.25   1.28387   1.25695   0.30468
     198.5   1.28467   1.25796  0.304978
    198.75   1.28551   1.25898  0.305294
       199   1.28636   1.26001  0.305609
    199.25   1.28723   1.26103  0.305876
     199.5    1.2881    1.2621  0.306101
    199.75   1.28901   1.26324  0.306287
       200   1.28992   1.26444  0.306474
    200.25   1.29084   1.26575  0.306706
     200.5   1.29177   1.26719  0.306968
    200.75   1.29273   1.26872  0.307241
       201   1.29373   1.27031  0.307524
    201.25   1.29481   1.27192  0.307833
     201.5   1.29591   1.27351  0.308148
    201.75     1.297   1.27506  0.308445
       202    1.2981   1.27658  0.308732
    202.25   1.29921   1.27806  0.308998
     202.5    1.3003   1.27947  0.309248
    202.75   1.30146   1.28082  0.309474
       203    1.3027   1.28214   0.30968
    203.25   1.30401   1.28345  0.309889
     203.5   1.30537   1.28482  0.310089
    203.75   1.30682   1.28624  0.310279
       204   1.30835   1.28777  0.310436
    204.25   1.30998   1.28934  0.310571
     204.5   1.31163   1.29092  0.310683
    204.75   1.31335   1.29249  0.310779
       205   1.31507     1.294  0.310835
    205.25   1.31675    1.2954  0.310886
     205.5    1.3184   1.29669  0.310955
    205.75   1.32004   1.29793  0.311043
       206   1.32164   1.29917  0.311147
    206.25    1.3232   1.30043   0.31123
     206.5   1.32473   1.30173  0.311285
    206.75   1.32627   1.30305  0.311326
       207   1.32789   1.30441  0.311357
    207.25   1.32958   1.30582  0.311396
     207.5   1.33128   1.30721   0.31143
    207.75   1.33297   1.30863  0.311448
       208   1.33462      1.31  0.311464
    208.25   1.33623   1.31136  0.311499
     208.5   1.33778   1.31269  0.311565
    208.75   1.33925   1.31402  0.311647
       209   1.34061   1.31536  0.311758
    209.25    1.3419   1.31677  0.311885
     209.5   1.34309   1.31823  0.312004
    209.75    1.3442   1.31976  0.312138
       210   1.34527   1.32125  0.312249
    210.25   1.34629   1.32266   0.31231
     210.5   1.34726   1.32406   0.31233
    210.75   1.34816   1.32545  0.312336
       211   1.34902   1.32686  0.312348
    211.25   1.34987   1.32829  0.312381
     211.5   1.35069   1.32967  0.312456
    211.75   1.35143   1.33102  0.312561
       212   1.35211   1.33242  0.312672
    212.25   1.35277    1.3338  0.312763
     212.5   1.35342   1.33512  0.312826
    212.75   1.35404   1.33637  0.312844
       213   1.35465   1.33752  0.312846
    213.25   1.35529   1.33864  0.312846
     213.5   1.35597   1.33976  0.312874
    213.75   1.35667   1.34084  0.312953
       214    1.3574   1.34192  0.313067
    214.25   1.35818   1.34304  0.313233
     214.5   1.35907   1.34417  0.313435
    214.75   1.35996   1.34535  0.313696
       215   1.36085   1.34658  0.313996
    215.25   1.36169   1.34791  0.314314
     215.5   1.36252   1.34921  0.314641
    215.75   1.36338   1.35052  0.314977
       216   1.36432   1.35178  0.315355
    216.25   1.36532   1.35297  0.315772
     216.5    1.3664   1.35412  0.316226
    216.75   1.36752   1.35525  0.316694
       217   1.36862   1.35642  0.317201
    217.25    1.3697   1.35762  0.317728
     217.5   1.37088   1.35887  0.318262
    217.75   1.37208   1.36022   0.31882
       218   1.37332   1.36169  0.319385
    218.25   1.37463   1.36323  0.319961
     218.5   1.37597   1.36486  0.320545
    218.75   1.37732   1.36652  0.321132
       219   1.37873   1.36816  0.321705
    219.25    1.3802   1.36974  0.322256
     219.5   1.38164   1.37131  0.322781
    219.75   1.38314   1.37286  0.323265
       220   1.38465   1.37442  0.323693
    220.25   1.38616   1.37602   0.32405
     220.5   1.38763    1.3776  0.324339
    220.75   1.38907   1.37914  0.324568
       221   1.39052   1.38067  0.324741
    221.25   1.39193   1.38212  0.324878
     221.5   1.39331   1.38355  0.325017
    221.75   1.39464   1.38495  0.325169
       222   1.39587   1.38627  0.325332
    222.25   1.39704   1.38752  0.325523
     222.5   1.39818   1.38868  0.325761
    222.75   1.39937   1.38978  0.326033
       223    1.4006    1.3909  0.326303
    223.25   1.40185   1.39196  0.326543
     223.5     1.403   1.39306  0.326751
    223.75   1.40402   1.39417  0.326942
       224   1.40498   1.39537  0.327133
    224.25   1.40583   1.39658  0.327315
     224.5   1.40665   1.39778  0.327511
    224.75   1.40749   1.39893  0.327755
       225   1.40847   1.40005  0.328047
    225.25   1.40966   1.40111  0.328383
     225.5     1.411    1.4021  0.328748
    225.75   1.41237   1.40308  0.329135
       226   1.41372   1.40409  0.329525
    226.25   1.41509   1.40517  0.329886
     226.5   1.41649   1.40633  0.330237
    226.75   1.41785   1.40751  0.330571
       227   1.41916    1.4087  0.330879
    227.25   1.42042   1.40989  0.331167
     227.5   1.42161   1.41109  0.331447
    227.75   1.42274   1.41222   0.33173
       228    1.4238   1.41325  0.332009
    228.25   1.42481   1.41422  0.332277
     228.5   1.42573   1.41516  0.332536
    228.75   1.42658   1.41605  0.332784
       229   1.42738   1.41701  0.333013
    229.25   1.42819   1.41804  0.333215
     229.5   1.42901   1.41906  0.333375
    229.75   1.42988   1.42006  0.333506
       230   1.43078   1.42106  0.333604
    230.25   1.43166   1.42204   0.33368
     230.5   1.43257   1.42296  0.333752
    230.75   1.43352   1.42387  0.333836
       231   1.43449   1.42482  0.333918
    231.25    1.4355   1.42586  0.334012
     231.5   1.43654   1.42701  0.334113
    231.75    1.4376   1.42828  0.334188
       232    1.4387   1.42966  0.334252
    232.25   1.43987   1.43105  0.334296
     232.5   1.44104   1.43242  0.334331
    232.75   1.44216   1.43375   0.33437
       233   1.44324   1.43506  0.334424
    233.25   1.44426   1.43639  0.334501
     233.5   1.44523   1.43771  0.334615
    233.75   1.44617   1.43903  0.334758
       234   1.44712   1.44032   0.33491
    234.25   1.44803   1.44157  0.335066
     234.5   1.44884   1.44272  0.335202
    234.75   1.44952   1.44377  0.335292
       235   1.45012   1.44478  0.335337
    235.25   1.45067    1.4458  0.335375
     235.5   1.45114   1.44688  0.335399
    235.75   1.45152   1.44797  0.335436
       236    1.4519   1.44908  0.335461
    236.25   1.45229    1.4502  0.335527
     236.5   1.45273   1.45129  0.335622
    236.75   1.45327    1.4523  0.335739
       237    1.4539   1.45327  0.335866
    237.25   1.45454   1.45427  0.335999
     237.5   1.45519   1.45526  0.336103
    237.75   1.45581   1.45634  0.336162
       238   1.45638   1.45744  0.336187
    238.25   1.45687   1.45851  0.336165
     238.5   1.45729   1.45954  0.336108
    238.75   1.45769   1.46051  0.336047
       239   1.45809   1.46141  0.335994
    239.25   1.45857   1.46222  0.335989
     239.5   1.45918   1.46298  0.336008
    239.75   1.45993   1.46375  0.336022
       240   1.46085    1.4646  0.336058
    240.25   1.46196   1.46552  0.336102
     240.5   1.46318   1.46649  0.336177
    240.75   1.46442   1.46749  0.336285
       241   1.46569   1.46855  0.336408
    241.25   1.46698   1.46958  0.336543
     241.5   1.46833   1.47058  0.336681
    241.75   1.46975   1.47158  0.336821
       242   1.47125   1.47259  0.336944
    242.25   1.47281   1.47362  0.337036
     242.5   1.47442   1.47464  0.337099
    242.75   1.47614   1.47566  0.337157
       243   1.47792   1.47667  0.337234
    243.25   1.47974   1.47765  0.337324
     243.5   1.48165    1.4785  0.337469
    243.75   1.48357   1.47923  0.337669
       244   1.48546   1.47986    0.3379
    244.25    1.4873   1.48039  0.338129
     244.5   1.48913    1.4809  0.338353
    244.75   1.49087   1.48134  0.338576
       245   1.49262    1.4818  0.338791
    245.25   1.49434   1.48224  0.339018
     245.5   1.49603    1.4827  0.339261
    245.75   1.49769   1.48312  0.339543
       246    1.4993   1.48352  0.339827
    246.25   1.50086   1.48388   0.34008
     246.5   1.50237    1.4843  0.340255
    246.75   1.50381   1.48475  0.340356
       247   1.50521   1.48523  0.340392
    247.25   1.50663   1.48571  0.340411
     247.5   1.50799   1.48623  0.340452
    247.75   1.50934   1.48682  0.340511
       248   1.51065   1.48757  0.340615
    248.25   1.51186   1.48862  0.340752
     248.5   1.51299   1.48983  0.340911
    248.75   1.51399   1.49113  0.341111
       249   1.51499   1.49253  0.341344
    249.25   1.51602   1.49395  0.341621
     249.5   1.51709   1.49534  0.341928
    249.75   1.51825   1.49673  0.342281
